1,0,0,20,0,21.43494882292201
2,0.01,0.3,20.1,0,21.43494882292201
3,0.02,0.599365337079568,20.20051028222975,0,21.433678080725
4,0.03,0.8981154252732951,20.30147030795784,0,21.43120904071575
5,0.04,1.196268144044888,20.40282451367316,0,21.42760827214798
6,0.05,1.493839960218159,20.50452187951515,0,21.42293697278991
7,0.06,1.790846040905782,20.60651553660041,0,21.41725142806632
8,0.07000000000000001,2.087300357984369,20.70876240953787,0,21.41060342978894
9,0.08,2.383215784651103,20.81122289081517,0,21.40304065816119
10,0.09,2.678604184580121,20.91386054408145,0,21.39460703038364
11,0.1,2.973476494177074,21.01664183365232,0,21.38534301886722
12,0.11,3.267842798408564,21.11953587782957,0,21.37528594177588
13,0.12,3.561712400660193,21.22251422386367,0,21.36447022836541
14,0.13,3.855093887053229,21.32555064259742,0,21.35292766135608
15,0.14,4.147995168656178,21.42862093501176,0,21.34068759839254
16,0.15,4.440423513972262,21.53170275307196,0,21.32777717453563
17,0.16,4.732385640316751,21.63477545786573,0,21.31422148722698
18,0.17,5.023887762153215,21.73781997776095,0,21.300043765272
19,0.18,5.314935632860998,21.84081867787719,0,21.28526552334527
20,0.19,5.60553458309808,21.94375524079416,0,21.26990670328128
21,0.2,5.895689556025289,22.04661455750814,0,21.25398580330106
22,0.21,6.18540513963917,22.14938262773702,0,21.23751999622374
23,0.22,6.474685596443086,22.25204646875528,0,21.22052523761847
24,0.23,6.763534890669382,22.35459403201391,0,21.20301636476892
25,0.24,7.051956713249619,22.45701412686673,0,21.18500718724481
26,0.25,7.339954504715075,22.55929635078496,0,21.16651056980604
27,0.26,7.62753147619576,22.66143102549684,0,21.14753850830071
28,0.27,7.914690628673253,22.76340913853883,0,21.12810219916093
29,0.28,8.201434770630499,22.8652222897504,0,21.10821210304715
30,0.29,8.487766534230486,22.96686264228556,0,21.0878780031442
31,0.3,8.773688390145214,23.0683228777517,0,21.06710905856773
32,0.31,9.059202661146669,23.1695961551207,0,21.04591385330053
33,0.32,9.344311534562536,23.2706760730881,0,21.02430044104112
34,0.33,9.629017073691051,23.37155663558455,0,21.00227638631443
35,0.34,9.913321228261712,23.4722322201696,0,20.97984880216335
36,0.35,10.19722584402149,23.57269754906121,0,20.95702438471307
37,0.36,10.48073267151962,23.6729476625761,0,20.93380944487434
38,0.37,10.76384337415807,23.77297789477513,0,20.91020993742899
39,0.38,11.04655953556913,23.87278385112628,0,20.88623148772009
40,0.39,11.32888266637669,23.97236138801344,0,20.86187941614981
41,0.4,11.61081421039273,24.07170659393458,0,20.83715876067083
42,0.41,11.89235555029665,24.1708157722459,0,20.81207429744069
43,0.42,12.17350801284073,24.26968542532136,0,20.78663055979452
44,0.43,12.45427287362161,24.36831224000779,0,20.7608318556777
45,0.44,12.73465136145427,24.46669307426644,0,20.73468228366831
46,0.45,13.01464466238194,24.56482494490093,0,20.70818574770762
47,0.46,13.29425392335249,24.66270501628033,0,20.68134597064744
48,0.47,13.57348025558938,24.76033058997364,0,20.65416650671303
49,0.48,13.85232473768294,24.85769909521954,0,20.62665075297262
50,0.49,14.13078841842523,24.9548080801612,0,20.59880195989624
51,0.5,14.40887231941033,25.05165520378242,0,20.57062324107995
52,0.51,14.68657743741956,25.14823822848661,0,20.54211758220475
53,0.52,14.96390474660971,25.24455501326491,0,20.51328784929381
54,0.53,15.24085520052096,25.34060350740465,0,20.48413679632617
55,0.54,15.51742973391938,25.43638174469326,0,20.45466707226008
56,0.55,15.79362926448808,25.53188783807652,0,20.42488122751482
57,0.5600000000000001,16.06945469437962,25.62711997473377,0,20.39478171995543
58,0.5700000000000001,16.34490691164121,25.72207641153544,0,20.3643709204214
59,0.58,16.61998679152354,25.81675547085163,0,20.33365111783662
60,0.59,16.89469519768277,25.91115553668277,0,20.30262452393476
61,0.6,17.16903298328473,26.005275051086,0,20.27129327763168
62,0.61,17.44300099201942,26.09911251087298,0,20.23965944907339
63,0.62,17.71660005903342,26.19266646455713,0,20.20772504338606
64,0.63,17.9898310117868,26.28593550952982,0,20.17549200415209
65,0.64,18.26269467084116,26.37891828944696,0,20.14296221663449
66,0.65,18.53519185058419,26.47161349180899,0,20.11013751076966
67,0.66,18.80732335989629,26.56401984571846,0,20.07701966394739
68,0.67,19.07909000276386,26.65613611980109,0,20.04361040359483
69,0.68,19.35049257884388,26.74796112027697,0,20.00991140958039
70,0.6900000000000001,19.62153188398358,26.83949368916995,0,19.97592431645157
71,0.7000000000000001,19.89220871069915,26.93073270264416,0,19.94165071552007
72,0.71,20.16252384861675,27.02167706945742,0,19.90709215680621
73,0.72,20.43247808487888,27.11232572952239,0,19.87225015085363
74,0.73,20.70207220451915,27.20267765256681,0,19.83712617042455
75,0.74,20.97130699080789,27.29273183688504,0,19.80172165208477
76,0.75,21.24018322557101,27.38248730817365,0,19.7660379976871
77,0.76,21.50870168948442,27.47194311844461,0,19.73007657576101
78,0.77,21.77686316234592,27.56109834500983,0,19.69383872281563
79,0.78,22.0446684233264,27.64995208953158,0,19.65732574456293
80,0.79,22.31211825120215,27.73850347713376,0,19.62053891706698
81,0.8,22.57921342456962,27.82675165556909,0,19.5834794878249
82,0.8100000000000001,22.84595472204432,27.91469579443822,0,19.54614867678481
83,0.8200000000000001,23.11234292244494,28.00233508445648,0,19.50854767730525
84,0.8300000000000001,23.37837880496398,28.08966873676492,0,19.47067765706064
85,0.84,23.64406314932601,28.17669598228202,0,19.43253975889664
86,0.85,23.90939673593448,28.2634160710932,0,19.39413510163908
87,0.86,24.17438034600809,28.34982827187521,0,19.35546478085996
88,0.87,24.43901476170751,28.4359318713528,0,19.31652986960355
89,0.88,24.70330076625325,28.52172617378525,0,19.27733141907533
90,0.89,24.9672391440354,28.60721050048064,0,19.23787045929671
91,0.9,25.23083068071583,28.69238418933575,0,19.19814799972766
92,0.91,25.49407616332356,28.77724659439973,0,19.15816502985964
93,0.92,25.75697638034377,28.86179708545987,0,19.11792251978089
94,0.93,26.01953212180095,28.94603504764786,0,19.07742142071587
95,0.9400000000000001,26.28174417933668,29.02995988106501,0,19.03666266554079
96,0.9500000000000001,26.54361334628256,29.11357100042526,0,18.99564716927663
97,0.96,26.8051404177284,29.19686783471452,0,18.9543758295613
98,0.97,27.06632619058642,29.27984982686542,0,18.91284952710227
99,0.98,27.32717146365143,29.36251643344615,0,18.87106912611093
100,0.99,27.58767703765755,29.44486712436275,0,18.82903547471978
101,1,27.84784371533154,29.52690138257367,0,18.78674940538375
102,1.01,28.10767230144325,29.60861870381584,0,18.74421173526638
103,1.02,28.36716360285311,29.69001859634165,0,18.70142326661199
104,1.03,28.62631842855717,29.77110058066589,0,18.65838478710464
105,1.04,28.88513758972971,29.85186418932215,0,18.61509707021457
106,1.05,29.14362189976362,29.93230896662803,0,18.57156087553306
107,1.06,29.40177217430885,30.01243446845865,0,18.52777694909618
108,1.07,29.65958923130885,30.09224026202783,0,18.48374602369824
109,1.08,29.9170738910354,30.17172592567661,0,18.43946881919533
110,1.09,30.17422697612176,30.25089104866852,0,18.39494604279972
111,1.1,30.43104931159435,30.32973523099131,0,18.35017838936546
112,1.11,30.68754172490308,30.40825808316471,0,18.30516654166566
113,1.12,30.94370504595038,30.48645922605385,0,18.25991117066197
114,1.13,31.19954010711905,30.56433829068805,0,18.21441293576661
115,1.14,31.45504774329903,30.64189491808461,0,18.16867248509729
116,1.15,31.71022879191318,30.71912875907747,0,18.12269045572548
117,1.16,31.96508409294203,30.79603947415027,0,18.07646747391826
118,1.17,32.21961448894774,30.87262673327374,0,18.03000415537403
119,1.18,32.4738208250972,30.94889021574709,0,17.9833011054525
120,1.19,32.7277039491844,31.02482961004323,0,17.93635891939912
121,1.2,32.98126471165205,31.10044461365764,0,17.88917818256419
122,1.21,33.23450396561259,31.17573493296068,0,17.84175947061697
123,1.22,33.48742256686855,31.25070028305316,0,17.79410334975488
124,1.23,33.74002137393235,31.32534038762501,0,17.74621037690815
125,1.24,33.99230124804554,31.39965497881699,0,17.69808109993994
126,1.25,34.24426305319759,31.47364379708516,0,17.64971605784229
127,1.26,34.49590765614412,31.54730659106805,0,17.60111578092788
128,1.27,34.74723592642481,31.62064311745645,0,17.55228079101791
129,1.28,34.99824873638078,31.69365314086563,0,17.50321160162618
130,1.29,35.24894696117161,31.76633643370994,0,17.45390871813953
131,1.3,35.49933147879204,31.83869277607964,0,17.40437263799472
132,1.31,35.74940317008829,31.91072195561988,0,17.35460385085196
133,1.32,35.999162918774,31.98242376741183,0,17.3046028387652
134,1.33,36.24861161144596,32.05379801385568,0,17.25437007634915
135,1.34,36.49775013759947,32.12484450455569,0,17.20390603094335
136,1.35,36.74657938964344,32.19556305620692,0,17.1532111627732
137,1.36,36.99510026291526,32.26595349248389,0,17.10228592510823
138,1.37,37.24331365569532,32.3360156439308,0,17.05113076441747
139,1.38,37.49122046922144,32.4057493478535,0,16.99974612052223
140,1.39,37.7388216077029,32.47515444821296,0,16.94813242674624
141,1.4,37.98611797833439,32.54423079552031,0,16.89629011006327
142,1.41,38.23311049130967,32.61297824673335,0,16.84421959124227
143,1.42,38.47980005983506,32.68139666515443,0,16.79192128499016
144,1.43,38.72618760014268,32.7494859203298,0,16.7393956000923
145,1.44,38.9722740315036,32.8172458879502,0,16.68664293955066
146,1.45,39.21806027624072,32.88467644975276,0,16.63366370071985
147,1.46,39.4635472597415,32.95177749342418,0,16.58045827544103
148,1.47,39.70873591047052,33.01854891250508,0,16.52702705017368
149,1.48,39.95362715998192,33.08499060629552,0,16.47337040612538
150,1.49,40.19822194293158,33.15110247976165,0,16.41948871937966
151,1.5,40.44252119708923,33.2168844434435,0,16.36538236102184
152,1.51,40.68652586335035,33.28233641336377,0,16.31105169726311
153,1.52,40.93023688574799,33.3474583109377,0,16.25649708956266
154,1.53,41.17365521146432,33.41225006288392,0,16.20171889474816
155,1.54,41.4167817908422,33.47671160113633,0,16.14671746513439
156,1.55,41.65961757739645,33.54084286275682,0,16.09149314864019
157,1.56,41.90216352782507,33.60464378984903,0,16.03604628890388
158,1.57,42.14442060202035,33.66811432947291,0,15.98037722539683
159,1.58,42.38638976307971,33.73125443356025,0,15.92448629353572
160,1.59,42.62807197731657,33.79406405883092,0,15.86837382479299
161,1.6,42.86946821427096,33.85654316671009,0,15.81204014680599
162,1.61,43.11057944672008,33.91869172324613,0,15.75548558348454
163,1.62,43.35140665068869,33.98050969902938,0,15.69871045511707
164,1.63,43.59195080545936,34.04199706911159,0,15.64171507847537
165,1.64,43.83221289358266,34.10315381292619,0,15.58449976691796
166,1.65,44.07219390088709,34.16397991420922,0,15.52706483049208
167,1.66,44.31189481648907,34.22447536092099,0,15.46941057603436
168,1.67,44.55131663280261,34.28464014516843,0,15.41153730727027
169,1.68,44.79046034554899,34.34447426312808,0,15.35344532491219
170,1.69,45.02932695376627,34.40397771496977,0,15.29513492675637
171,1.7,45.26791745981863,34.46315050478086,0,15.23660640777856
172,1.71,45.50623286940569,34.5219926404912,0,15.17786006022851
173,1.72,45.74427419157156,34.58050413379862,0,15.11889617372337
174,1.73,45.98204243871393,34.63868500009503,0,15.05971503533982
175,1.74,46.21953862659286,34.69653525839308,0,15.00031692970521
176,1.75,46.45676377433963,34.75405493125339,0,14.94070213908753
177,1.76,46.69371890446528,34.81124404471232,0,14.88087094348437
178,1.77,46.93040504286913,34.86810262821027,0,14.82082362071078
179,1.78,47.16682321884718,34.92463071452053,0,14.76056044648618
180,1.79,47.40297446510033,34.98082833967854,0,14.7000816945202
181,1.8,47.63885981774251,35.03669554291175,0,14.63938763659754
182,1.81,47.87448031630865,35.09223236656991,0,14.57847854266194
183,1.82,48.10983700376254,35.14743885605581,0,14.51735468089915
184,1.83,48.34493092650459,35.20231505975651,0,14.45601631781895
185,1.84,48.57976313437936,35.25686102897504,0,14.39446371833634
186,1.85,48.81433468068311,35.31107681786241,0,14.33269714585181
187,1.86,49.04864662217106,35.3649624833502,0,14.27071686233071
188,1.87,49.28270001906463,35.41851808508347,0,14.20852312838184
189,1.88,49.51649593505851,35.4717436853541,0,14.14611620333513
190,1.89,49.75003543732758,35.52463934903449,0,14.08349634531856
191,1.9,49.98331959653372,35.5772051435117,0,14.02066381133427
192,1.91,50.21634948683245,35.62944113862191,0,13.95761885733386
193,1.92,50.44912618587948,35.68134740658526,0,13.89436173829294
194,1.93,50.68165077483709,35.73292402194107,0,13.83089270828494
195,1.94,50.91392433838036,35.78417106148335,0,13.76721202055415
196,1.95,51.14594796470332,35.83508860419671,0,13.7033199275881
197,1.96,51.37772274552486,35.88567673119255,0,13.63921668118913
198,1.97,51.60924977609462,35.93593552564556,0,13.57490253254535
199,1.98,51.84053015519861,35.98586507273063,0,13.51037773230091
200,1.99,52.07156498516481,36.0354654595599,0,13.44564253062559
201,2,52.30235537186847,36.08473677512027,0,13.38069717728369
202,2.01,52.53290242473749,36.13367911021108,0,13.31554192170238
203,2.02,52.76320725675738,36.18229255738212,0,13.25017701303933
204,2.03,52.99327098447633,36.23057721087193,0,13.18460270024978
205,2.04,53.22309472800992,36.27853316654632,0,13.118819232153
206,2.05,53.4526796110458,36.32616052183718,0,13.05282685749812
207,2.06,53.68202676084823,36.37345937568154,0,12.98662582502944
208,2.07,53.91113730826235,36.42042982846086,0,12.92021638355115
209,2.08,54.14001238771841,36.46707198194057,0,12.85359878199145
210,2.09,54.36865313723583,36.51338593920985,0,12.7867732694662
211,2.1,54.59706069842701,36.55937180462163,0,12.71974009534199
212,2.11,54.8252362165011,36.6050296837328,0,12.6524995092987
213,2.12,55.05318084026752,36.65035968324465,0,12.58505176139153
214,2.13,55.28089572213942,36.69536191094351,0,12.51739710211257
215,2.14,55.50838201813683,36.7400364756416,0,12.44953578245184
216,2.15,55.73564088788979,36.78438348711806,0,12.38146805395782
217,2.16,55.96267349464124,36.82840305606022,0,12.31319416879763
218,2.17,56.18948100524977,36.87209529400499,0,12.24471437981657
219,2.18,56.41606459019217,36.91546031328046,0,12.17602894059734
220,2.19,56.64242542356585,36.95849822694773,0,12.10713810551877
221,2.2,56.86856468309107,37.00120914874281,0,12.03804212981412
222,2.21,57.09448355011299,37.04359319301877,0,11.96874126962893
223,2.22,57.32018320960359,37.08565047468803,0,11.89923578207847
224,2.23,57.54566485016336,37.12738110916477,0,11.82952592530478
225,2.24,57.77092966402282,37.16878521230758,0,11.75961195853331
226,2.25,57.99597884704392,37.20986290036213,0,11.68949414212916
227,2.26,58.22081359872119,37.25061428990416,0,11.6191727376529
228,2.27,58.44543512218279,37.29103949778241,0,11.54864800791606
229,2.28,58.66984462419125,37.33113864106189,0,11.47792021703625
230,2.29,58.89404331514418,37.37091183696709,0,11.40698963049185
231,2.3,59.11803240907469,37.41035920282548,0,11.33585651517642
232,2.31,59.34181312365167,37.44948085601104,0,11.26452113945271
233,2.32,59.56538668017985,37.48827691388795,0,11.19298377320633
234,2.33,59.78875430359971,37.5267474937544,0,11.12124468789909
235,2.34,60.01191722248718,37.5648927127865,0,11.04930415662205
236,2.35,60.23487666905313,37.60271268798228,0,10.97716245414815
237,2.36,60.4576338791427,37.64020753610592,0,10.9048198569846
238,2.37,60.68019009223445,37.67737737363188,0,10.83227664342496
239,2.38,60.9025465514392,37.71422231668935,0,10.75953309360083
240,2.39,61.12470450349885,37.75074248100664,0,10.68658948953334
241,2.4,61.34666519878487,37.78693798185575,0,10.61344611518429
242,2.41,61.5684298912966,37.82280893399702,0,10.54010325650699
243,2.42,61.78999983865943,37.85835545162387,0,10.46656120149688
244,2.43,62.01137630212265,37.89357764830761,0,10.39282024024175
245,2.44,62.23256054655725,37.92847563694238,0,10.31888066497185
246,2.45,62.45355384045337,37.96304952969015,0,10.24474277010956
247,2.46,62.67435745591762,37.99729943792578,0,10.17040685231892
248,2.47,62.89497266867016,38.03122547218222,0,10.09587321055487
249,2.48,63.11540075804159,38.06482774209577,0,10.02114214611216
250,2.49,63.33564300696962,38.09810635635136,0,9.946213962674124
251,2.5,63.55570070199552,38.13106142262798,0,9.871088966361114
252,2.51,63.77557513326035,38.16369304754417,0,9.795767465778752
253,2.52,63.99526759450099,38.19600133660355,0,9.720249772065905
254,2.53,64.21477938304594,38.22798639414045,0,9.64453619894244
255,2.54,64.43411179981085,38.25964832326559,0,9.568627062756747
256,2.55,64.65326614929398,38.29098722581186,0,9.492522682533027
257,2.56,64.87224373957126,38.32200320228013,0,9.416223380018366
258,2.57,65.0910458822912,38.35269635178514,0,9.339729479729584
259,2.58,65.30967389266961,38.38306677200148,0,9.26304130899986
260,2.59,65.52812908948401,38.41311455910959,0,9.18615919802515
261,2.6,65.7464127950679,38.44283980774186,0,9.109083479910391
262,2.61,65.9645263353047,38.47224261092875,0,9.031814490715494
263,2.62,66.18247103962159,38.50132306004504,0,8.954352569501138
264,2.63,66.40024824098295,38.53008124475605,0,8.876698058374352
265,2.64,66.61785927588372,38.558517252964,0,8.798851302533897
266,2.65,66.8353054843424,38.5866311707544,0,8.720812650315462
267,2.66,67.0525882098939,38.61442308234248,0,8.642582453236649
268,2.67,67.26970879958211,38.64189307001968,0,8.564161066041775
269,2.68,67.48666860395221,38.66904121410028,0,8.485548846746472
270,2.69,67.70346897704279,38.69586759286791,0,8.406746156682113
271,2.7,67.92011127637768,38.72237228252236,0,8.327753360540028
272,2.71,68.13659686295755,38.74855535712621,0,8.248570826415564
273,2.72,68.35292710125123,38.77441688855168,0,8.169198925851934
274,2.73,68.56910335918687,38.79995694642747,0,8.089638033883892
275,2.74,68.78512700814274,38.82517559808566,0,8.009888529081239
276,2.75,69.00099942293785,38.85007290850869,0,7.929950793592133
277,2.76,69.21672198182229,38.87464894027642,0,7.849825213186223
278,2.77,69.43229606646732,38.89890375351313,0,7.769512177297619
279,2.78,69.64772306195518,38.92283740583478,0,7.689012079067673
280,2.79,69.86300435676868,38.94644995229611,0,7.608325315387585
281,2.8,70.07814134278054,38.96974144533801,0,7.527452286940845
282,2.81,70.29313541524239,38.99271193473476,0,7.446393398245485
283,2.82,70.50798797277358,39.01536146754147,0,7.365149057696178
284,2.83,70.7227004173497,39.03769008804156,0,7.283719677606148
285,2.84,70.93727415429086,39.0596978376942,0,7.202105674248915
286,2.85,71.15171059224966,39.08138475508199,0,7.120307467899868
287,2.86,71.3660111431989,39.10275087585855,0,7.038325482877666
288,2.87,71.5801772224191,39.12379623269624,0,6.95616014758547
289,2.88,71.79421024848557,39.14452085523401,0,6.873811894551996
290,2.89,72.00811164325545,39.16492477002517,0,6.791281160472407
291,2.9,72.22188283185422,39.1850080004854,0,6.708568386249032
292,2.91,72.43552524266214,39.20477056684073,0,6.625674017031899
293,2.92,72.6490403073003,39.22421248607559,0,6.542598502259117
294,2.93,72.86242946061644,39.24333377188101,0,6.459342295697073
295,2.94,73.07569414067048,39.26213443460282,0,6.375905855480455
296,2.95,73.28883578871971,39.28061448119,0,6.292289644152108
297,2.96,73.50185584920382,39.29877391514304,0,6.208494128702712
298,2.97,73.71475576972955,39.31661273646246,0,6.124519780610281
299,2.98,73.92753700105506,39.33413094159733,0,6.040367075879494
300,2.99,74.14020099707405,39.35132852339397,0,5.95603649508084
301,3,74.35274921479959,39.36820547104469,0,5.871528523389594
302,3.01,74.56518311434765,39.38476177003658,0,5.786843650624599
303,3.02,74.77750415892032,39.40099740210053,0,5.701982371286882
304,3.03,74.98971381478877,39.41691234516017,0,5.616945184598081
305,3.04,75.20181355127589,39.43250657328107,0,5.531732594538687
306,3.05,75.41380484073868,39.44778005661996,0,5.446345109886098
307,3.06,75.62568915855027,39.46273276137403,0,5.360783244252494
308,3.07,75.83746798308174,39.47736464973044,0,5.275047516122517
309,3.08,76.04914279568355,39.49167567981582,0,5.189138448890758
310,3.09,76.26071508066674,39.505665805646,0,5.103056570899057
311,3.1,76.47218632528379,39.51933497707574,0,5.016802415473601
312,3.11,76.68355801970918,39.53268313974872,0,4.930376520961832
313,3.12,76.89483165701971,39.54571023504748,0,4.84377943076915
314,3.13,77.10600873317438,39.55841620004365,0,4.757011693395415
315,3.14,77.31709074699413,39.57080096744821,0,4.670073862471247
316,3.15,77.52807920014116,39.58286446556193,0,4.582966496794112
317,3.16,77.738975597098,39.5946066182259,0,4.495690160364214
318,3.17,77.94978144514623,39.60602734477228,0,4.408245422420152
319,3.18,78.16049825434492,39.61712655997508,0,4.320632857474382
320,3.19,78.37112753750876,39.62790417400122,0,4.23285304534845
321,3.2,78.58167081018587,39.63836009236159,0,4.144906571208007
322,3.21,78.79212959063533,39.64849421586246,0,4.0567940255976
323,3.22,79.00250539980429,39.65830644055682,0,3.968516004475233
324,3.23,79.21279976130496,39.66779665769608,0,3.880073109246702
325,3.24,79.42301420139107,39.67696475368183,0,3.791465946799693
326,3.25,79.63315024893417,39.6858106100178,0,3.702695129537637
327,3.26,79.84320943539956,39.69433410326198,0,3.613761275413341
328,3.27,80.05319329482188,39.70253510497898,0,3.524665007962351
329,3.28,80.26310336378044,39.71041348169249,0,3.435406956336085
330,3.29,80.47294118137417,39.71796909483798,0,3.345987755334705
331,3.3,80.68270828919627,39.72520180071557,0,3.256408045439737
332,3.31,80.8924062313086,39.73211145044316,0,3.166668472846428
333,3.32,81.10203655421564,39.73869788990965,0,3.076769689495837
334,3.33,81.31160080683824,39.74496095972847,0,2.986712353106663
335,3.34,81.52110054048696,39.75090049519128,0,2.896497127206801
336,3.35,81.73053730883511,39.75651632622188,0,2.80612468116461
337,3.36,81.93991266789153,39.76180827733039,0,2.715595690219915
338,3.37,82.14922817597298,39.76677616756757,0,2.624910835514711
339,3.38,82.35848539367616,39.77141981047947,0,2.534070804123586
340,3.39,82.56768588384958,39.77573901406227,0,2.443076289083837
341,3.4,82.7768312115649,39.77973358071734,0,2.351927989425304
342,3.41,82.98592294408806,39.78340330720663,0,2.260626610199878
343,3.42,83.19496265085009,39.78674798460823,0,2.169172862510722
344,3.43,83.40395190341752,39.7897673982722,0,2.077567463541155
345,3.44,83.61289227546257,39.79246132777678,0,1.985811136583236
346,3.45,83.82178534273287,39.79482954688466,0,1.893904611066014
347,3.46,84.03063268302098,39.79687182349977,0,1.801848622583444
348,3.47,84.23943587613356,39.79858791962415,0,1.70964391292198
349,3.48,84.44819650386012,39.79997759131525,0,1.617291230087817
350,3.49,84.65691614994157,39.80104058864342,0,1.524791328333793
351,3.5,84.86559640003834,39.80177665564981,0,1.432144968185934
352,3.51,85.07423884169826,39.80218553030448,0,1.33935291646965
353,3.52,85.28284506432401,39.80226694446487,0,1.246415946335563
354,3.53,85.49141665914033,39.80202062383461,0,1.153334837284966
355,3.54,85.69995521916087,39.80144628792261,0,1.060110375194909
356,3.55,85.90846233915471,39.80054365000253,0,0.9667433523429105
357,3.56,86.11693961561254,39.79931241707256,0,0.8732345674312724
358,3.57,86.32538864671251,39.79775228981553,0,0.7795848256110124
359,3.58,86.53381103228583,39.79586296255945,0,0.6857949385053944
360,3.59,86.74220837378189,39.79364412323836,0,0.5918657242330548
361,3.6,86.95058227423321,39.79109545335348,0,0.4977980074307196
362,3.61,87.15893433821998,39.78821662793487,0,0.4035926192755043
363,3.62,87.36726617183426,39.78500731550341,0,0.3092503975067916
364,3.63,87.57557938264392,39.78146717803313,0,0.2147721864476795
365,3.64,87.7838755796562,39.77759587091398,0,0.120158837025994
366,3.65,87.99215637328093,39.773393042915,0,0.02541120679485985
367,3.66,88.20042337529355,39.76885833614792,0,-0.0694698400471776
368,3.67,88.40867819879759,39.7639913860311,0,-0.1644834326364855
369,3.68,88.61692245818702,39.758791821254,0,-0.2596286934251382
370,3.69,88.82515776910822,39.75325926374201,0,-0.3549047381621812
371,3.7,89.03338574842155,39.74739332862174,0,-0.4503106758753693
372,3.71,89.24160801416275,39.74119362418677,0,-0.5458456088533878
373,3.72,89.44982618550385,39.73465975186384,0,-0.6415086326285618
374,3.73,89.65804188271387,39.72779130617953,0,-0.7372988359600617
375,3.74,89.86625672711922,39.72058787472736,0,-0.8332153008176114
376,3.75,90.07447234106365,39.71304903813542,0,-0.9292571023657056
377,3.76,90.28269034786805,39.70517437003448,0,-1.025423308948345
378,3.77,90.49091237178983,39.69696343702657,0,-1.121712982074292
379,3.78,90.699140037982,39.68841579865408,0,-1.218125176402864
380,3.79,90.90737497245195,39.67953100736939,0,-1.314658939730256
381,3.8,91.11561880201991,39.67030860850496,0,-1.411313312976412
382,3.81,91.32387315427714,39.66074814024402,0,-1.508087330172453
383,3.82,91.53213965754375,39.65084913359176,0,-1.604980018448655
384,3.83,91.74041994082626,39.64061111234705,0,-1.701990398023005
385,3.84,91.9487156337748,39.63003359307476,0,-1.799117482190318
386,3.85,92.15702836664006,39.61911608507858,0,-1.896360277311947
387,3.86,92.36535977022997,39.60785809037449,0,-1.993717782806073
388,3.87,92.57371147586592,39.59625910366469,0,-2.091188991138599
389,3.88,92.78208511533889,39.58431861231227,0,-2.188772887814637
390,3.89,92.99048232086513,39.57203609631632,0,-2.28646845137061
391,3.9,93.19890472504159,39.55941102828777,0,-2.384274653366979
392,3.91,93.4073539608011,39.54644287342575,0,-2.482190458381582
393,3.92,93.6158316613672,39.53313108949465,0,-2.580214824003615
394,3.93,93.82433946020869,39.51947512680174,0,-2.678346700828251
395,3.94,94.03287899099395,39.50547442817546,0,-2.776585032451901
396,3.95,94.24145188754488,39.49112842894441,0,-2.874928755468139
397,3.96,94.45005978379065,39.47643655691685,0,-2.973376799464278
398,3.97,94.6587043137211,39.46139823236106,0,-3.071928087018629
399,3.98,94.86738711133994,39.44601286798621,0,-3.17058153369842
400,3.99,95.07610981061755,39.43027986892398,0,-3.269336048058415
401,4,95.28487404544367,39.4141986327109,0,-3.368190531640213
402,4.01,95.49368144957968,39.39776854927135,0,-3.467143878972253
403,4.02,95.7025336566107,39.38098900090125,0,-3.566194977570521
404,4.03,95.91143229989738,39.36385936225255,0,-3.66534270793997
405,4.04,96.12037901252747,39.34637900031834,0,-3.764585943576665
406,4.05,96.32937542726705,39.3285472744188,0,-3.863923550970648
407,4.06,96.53842317651167,39.31036353618781,0,-3.963354389609548
408,4.07,96.74752389223701,39.29182712956042,0,-4.062877311982923
409,4.08,96.9566792059495,39.2729373907609,0,-4.162491163587361
410,4.09,97.16589074863656,39.2536936482918,0,-4.262194782932325
411,4.1,97.37516015071668,39.23409522292361,0,-4.361987001546777
412,4.11,97.58448904198923,39.21414142768527,0,-4.461866643986558
413,4.12,97.79387905158399,39.19383156785552,0,-4.561832527842553
414,4.13,98.00333180791054,39.17316494095497,0,-4.661883463749639
415,4.14,98.21284893860739,39.15214083673907,0,-4.762018255396424
416,4.15,98.42243207049081,39.13075853719188,0,-4.862235699535781
417,4.16,98.63208282950355,39.10901731652064,0,-4.962534585996193
418,4.17,98.84180284066329,39.08691644115125,0,-5.062913697693898
419,4.18,99.05159372801089,39.06445516972451,0,-5.163371810645869
420,4.19,99.26145711455843,39.04163275309336,0,-5.263907693983599
421,4.2,99.47139462223703,39.01844843432083,0,-5.364520109967732
422,4.21,99.68140787184453,38.99490144867899,0,-5.465207814003524
423,4.22,99.89149848299287,38.97099102364876,0,-5.565969554657145
424,4.23,100.1016680740554,38.94671637892056,0,-5.666804073672842
425,4.24,100.311918262114,38.92207672639594,0,-5.767710105990941
426,4.25,100.5222506629057,38.89707127019007,0,-5.86868637976673
427,4.26,100.7326668907698,38.87169920663521,0,-5.969731616390192
428,4.27,100.9431685585941,38.84595972428504,0,-6.070844530506622
429,4.28,101.153757276985,38.8198520040151,0,-6.172023830038016
430,4.29,101.3644346527687,38.79337521920578,0,-6.273268216204727
431,4.3,101.5752022909829,38.76652853549837,0,-6.374576383549178
432,4.31,101.7860617949833,38.7393111107848,0,-6.475947019961295
433,4.32,101.9970147663894,38.71172209521797,0,-6.577378806704773
434,4.33,102.2080628050305,38.68376063122287,0,-6.678870418444185
435,4.34,102.4192075088912,38.65542585350878,0,-6.780420523272936
436,4.350000000000001,102.6304504740573,38.6267168890823,0,-6.882027782742076
437,4.36,102.8417932946609,38.59763285726142,0,-6.983690851889974
438,4.37,103.0532375628262,38.56817286969046,0,-7.085408379272867
439,4.38,103.264784868614,38.53833603035608,0,-7.187179006996295
440,4.39,103.4764367999678,38.50812143560422,0,-7.289001370747409
441,4.4,103.6881949426579,38.47752817415805,0,-7.390874099828188
442,4.41,103.9000608802268,38.44655532713689,0,-7.492795817189541
443,4.42,104.1120361939342,38.4152019680762,0,-7.594765139466334
444,4.43,104.3241224627012,38.38346716294857,0,-7.69678067701331
445,4.44,104.5363212630555,38.35134997018571,0,-7.798841033941937
446,4.45,104.7486341690756,38.31884944070151,0,-7.900944808158184
447,4.46,104.9610627523356,38.28596461791616,0,-8.003090591401211
448,4.47,105.1736085818497,38.25269453778127,0,-8.105276969283011
449,4.48,105.3862732240165,38.21903822880611,0,-8.207502521328971
450,4.49,105.5990582425635,38.18499471208493,0,-8.309765821019393
451,4.5,105.8119651984912,38.15056300132527,0,-8.412065435831948
452,4.51,106.0249956500177,38.11574210287745,0,-8.514399927285083
453,4.52,106.2381511525232,38.08053101576512,0,-8.616767850982397
454,4.53,106.4514332584938,38.04492873171689,0,-8.719167756657946
455,4.54,106.6648435174658,38.00893423519911,0,-8.821598188222532
456,4.55,106.8783834759705,37.97254650344971,0,-8.924057683810952
457,4.56,107.092054677478,37.9357645065132,0,-9.026544775830198
458,4.57,107.3058586623417,37.8985872072768,0,-9.129057991008638
459,4.58,107.5197969677426,37.86101356150766,0,-9.231595850446171
460,4.59,107.7338711276334,37.82304251789122,0,-9.334156869665334
461,4.600000000000001,107.9480826726835,37.7846730180708,0,-9.436739558663408
462,4.61,108.1624331302226,37.74590399668818,0,-9.539342421965479
463,4.62,108.3769240241858,37.70673438142552,0,-9.641963958678481
464,4.63,108.591556875058,37.66716309304825,0,-9.744602662546223
465,4.64,108.8063331998182,37.62718904544924,0,-9.847257022005373
466,4.65,109.0212545118847,37.58681114569415,0,-9.949925520242452
467,4.66,109.2363223210594,37.54602829406782,0,-10.05260663525177
468,4.67,109.4515381334727,37.50483938412199,0,-10.15529883989436
469,4.68,109.6669034515288,37.46324330272409,0,-10.25800060195789
470,4.69,109.8824197738504,37.42123893010725,0,-10.36071038421754
471,4.7,110.098088595224,37.37882513992149,0,-10.46342664449785
472,4.71,110.3139114065451,37.33600079928609,0,-10.56614783573556
473,4.72,110.5298896947638,37.29276476884316,0,-10.66887240604343
474,4.73,110.7460249428303,37.24911590281241,0,-10.77159879877497
475,4.74,110.9623186296404,37.20505304904703,0,-10.87432545259021
476,4.75,111.1787722299817,37.16057504909094,0,-10.97705080152244
477,4.76,111.3953872144794,37.11568073823702,0,-11.07977327504578
478,4.77,111.6121650495426,37.07036894558674,0,-11.18249129814393
479,4.78,111.8291071973106,37.02463849411083,0,-11.28520329137967
480,4.79,112.0462151155996,36.97848820071124,0,-11.38790767096545
481,4.8,112.2634902578494,36.93191687628428,0,-11.49060284883487
482,4.81,112.4809340730705,36.88492332578496,0,-11.59328723271509
483,4.82,112.698548005791,36.83750634829253,0,-11.69595922620028
484,4.83,112.9163334960043,36.7896647370772,0,-11.79861722882588
485,4.84,113.134291979117,36.74139727966812,0,-11.90125963614385
486,4.850000000000001,113.3524248858959,36.69270275792246,0,-12.0038848397989
487,4.86,113.5707336424173,36.64357994809582,0,-12.10649122760556
488,4.87,113.7892196700146,36.59402762091369,0,-12.20907718362618
489,4.88,114.0078843852272,36.54404454164426,0,-12.31164108824992
490,4.89,114.2267291997497,36.49362947017227,0,-12.41418131827253
491,4.9,114.4457555203809,36.44278116107418,0,-12.51669624697711
492,4.91,114.6649647489734,36.39149836369445,0,-12.61918424421576
493,4.92,114.8843582823833,36.33977982222302,0,-12.72164367649205
494,4.93,115.1039375124207,36.28762427577404,0,-12.82407290704445
495,4.94,115.3237038258001,36.23503045846564,0,-12.92647029593057
496,4.95,115.5436586040908,36.18199709950104,0,-13.02883420011229
497,4.96,115.7638032236688,36.12852292325071,0,-13.13116297354175
498,4.97,115.9841390556675,36.07460664933576,0,-13.23345496724819
499,4.98,116.2046674659303,36.02024699271246,0,-13.33570852942558
500,4.99,116.4253898149622,35.96544266375794,0,-13.43792200552113
501,5,116.6463074578829,35.91019236835706,0,-13.54009373832464
502,5.01,116.8674217443794,35.85449480799037,0,-13.64222206805858
503,5.02,117.0887340186599,35.79834867982328,0,-13.74430533246903
504,5.03,117.310245619407,35.74175267679632,0,-13.84634186691743
505,5.04,117.5319578797321,35.68470548771655,0,-13.94833000447304
506,5.05,117.7538721271305,35.62720579735009,0,-14.05026807600626
507,5.06,117.9759896834355,35.56925228651578,0,-14.15215441028259
508,5.07,118.1983118647748,35.51084363217992,0,-14.2539873340575
509,5.08,118.420839981526,35.45197850755212,0,-14.35576517217189
510,5.09,118.6435753382729,35.39265558218228,0,-14.45748624764834
511,5.100000000000001,118.8665192337626,35.33287352205861,0,-14.5591488817881
512,5.11,119.0896729608626,35.27263098970673,0,-14.66075139426873
513,5.12,119.3130378065189,35.21192664428992,0,-14.76229210324247
514,5.13,119.5366150517139,35.15075914171026,0,-14.86376932543526
515,5.14,119.7604059714255,35.08912713471102,0,-14.96518137624645
516,5.15,119.9844118345861,35.02702927297993,0,-15.06652656984914
517,5.16,120.2086339040428,34.96446420325358,0,-15.16780321929118
518,5.17,120.4330734365174,34.90143056942279,0,-15.26900963659676
519,5.18,120.6577316825673,34.83792701263899,0,-15.3701441328687
520,5.19,120.882609886547,34.77395217142163,0,-15.47120501839119
521,5.2,121.10770928657,34.70950468176655,0,-15.57219060273326
522,5.21,121.333031114471,34.64458317725533,0,-15.67309919485275
523,5.22,121.5585765957697,34.57918628916561,0,-15.77392910320081
524,5.23,121.7843469496335,34.51331264658235,0,-15.87467863582702
525,5.24,122.0103433888423,34.44696087651004,0,-15.97534610048496
526,5.25,122.2365671197531,34.38012960398584,0,-16.07592980473832
527,5.26,122.4630193422654,34.31281745219358,0,-16.1764280560675
528,5.27,122.689701249787,34.24502304257879,0,-16.27683916197669
529,5.28,122.916614029201,34.17674499496442,0,-16.37716143010141
530,5.29,123.1437588608323,34.10798192766761,0,-16.47739316831654
531,5.3,123.3711369184162,34.03873245761724,0,-16.57753268484464
532,5.31,123.5987493690662,33.96899520047231,0,-16.6775782883649
533,5.32,123.8265973732432,33.89876877074116,0,-16.77752828812224
534,5.33,124.0546820847256,33.82805178190152,0,-16.87738099403704
535,5.34,124.2830046505792,33.75684284652137,0,-16.97713471681502
536,5.350000000000001,124.5115662111283,33.68514057638049,0,-17.07678776805759
537,5.36,124.7403678999274,33.61294358259292,0,-17.17633846037249
538,5.37,124.9694108437338,33.54025047573003,0,-17.27578510748474
539,5.38,125.19869616248,33.46705986594442,0,-17.37512602434786
540,5.39,125.428224969248,33.39337036309446,0,-17.47435952725545
541,5.4,125.6579983702432,33.31918057686961,0,-17.57348393395288
542,5.41,125.8880174647697,33.24448911691635,0,-17.67249756374935
543,5.42,126.1182833452059,33.16929459296479,0,-17.77139873763016
544,5.43,126.348797096981,33.09359561495596,0,-17.87018577836904
545,5.44,126.5795597985522,33.0173907931697,0,-17.96885701064087
546,5.45,126.8105725213825,32.94067873835314,0,-18.06741076113439
547,5.46,127.0418363299192,32.86345806184981,0,-18.16584535866516
548,5.47,127.2733522815732,32.78572737572932,0,-18.26415913428859
549,5.48,127.5051214266992,32.70748529291753,0,-18.3623504214131
550,5.49,127.7371448085761,32.62873042732733,0,-18.46041755591338
551,5.5,127.9694234633888,32.54946139398992,0,-18.55835887624368
552,5.51,128.2019584202102,32.4696768091865,0,-18.65617272355118
553,5.52,128.434750700984,32.38937529058058,0,-18.75385744178937
554,5.53,128.6678013205089,32.30855545735063,0,-18.85141137783148
555,5.54,128.9011112864225,32.22721593032317,0,-18.94883288158384
556,5.55,129.1346815991867,32.14535533210635,0,-19.04612030609923
557,5.56,129.3685132520737,32.06297228722384,0,-19.14327200769025
558,5.57,129.6026072311524,31.98006542224913,0,-19.24028634604247
559,5.58,129.8369645152762,31.89663336594018,0,-19.33716168432768
560,5.59,130.0715860760712,31.81267474937438,0,-19.43389638931686
561,5.600000000000001,130.3064728779247,31.72818820608387,0,-19.53048883149314
562,5.61,130.5416258779755,31.64317237219103,0,-19.62693738516452
563,5.62,130.7770460261041,31.55762588654438,0,-19.72324042857654
564,5.63,131.0127342649241,31.47154739085464,0,-19.8193963440246
565,5.64,131.2486915297741,31.38493552983096,0,-19.91540351796623
566,5.65,131.4849187487107,31.29778895131751,0,-20.01126034113303
567,5.66,131.7214168425021,31.21010630643007,0,-20.10696520864242
568,5.67,131.9581867246223,31.12188624969287,0,-20.20251652010904
569,5.68,132.1952293012462,31.03312743917555,0,-20.29791267975596
570,5.69,132.4325454712458,30.94382853663019,0,-20.39315209652555
571,5.7,132.6701361261869,30.85398820762849,0,-20.48823318418995
572,5.71,132.9080021503261,30.76360512169894,0,-20.58315436146132
573,5.72,133.1461444206097,30.67267795246409,0,-20.6779140521016
574,5.73,133.3845638066723,30.58120537777778,0,-20.77251068503197
575,5.74,133.6232611708368,30.48918607986244,0,-20.86694269444184
576,5.75,133.8622373681148,30.39661874544625,0,-20.96120851989746
577,5.76,134.1014932462082,30.30350206590039,0,-21.05530660645007
578,5.77,134.3410296455113,30.20983473737604,0,-21.14923540474357
579,5.78,134.5808473991135,30.11561546094146,0,-21.24299337112168
580,5.79,134.8209473328033,30.02084294271881,0,-21.33657896773472
581,5.8,135.0613302650724,29.9255158940209,0,-21.42999066264566
582,5.81,135.3019970071215,29.82963303148773,0,-21.52322692993586
583,5.82,135.5429483628654,29.73319307722285,0,-21.61628624981001
584,5.83,135.7841851289408,29.63619475892952,0,-21.70916710870074
585,5.84,136.025708094713,29.5386368100466,0,-21.80186799937238
586,5.850000000000001,136.2675180422847,29.4405179698842,0,-21.89438742102433
587,5.86,136.5096157465046,29.34183698375905,0,-21.98672387939361
588,5.87,136.7520019749777,29.24259260312949,0,-22.07887588685687
589,5.88,136.9946774880756,29.14278358573024,0,-22.1708419625317
590,5.89,137.2376430389475,29.04240869570672,0,-22.26262063237722
591,5.9,137.480899373533,28.94146670374903,0,-22.35421042929399
592,5.91,137.7244472305742,28.83995638722552,0,-22.44560989322321
593,5.92,137.9682873416294,28.73787653031594,0,-22.53681757124509
594,5.93,138.2124204310877,28.63522592414412,0,-22.62783201767664
595,5.94,138.4568472161835,28.53200336691019,0,-22.71865179416844
596,5.95,138.7015684070126,28.42820766402231,0,-22.80927546980082
597,5.96,138.9465847065484,28.32383762822786,0,-22.89970162117915
598,5.97,139.1918968106592,28.21889207974413,0,-22.98992883252827
599,5.98,139.4375054081259,28.1133698463884,0,-23.07995569578613
600,5.99,139.6834111806609,28.00726976370746,0,-23.16978081069657
601,6,139.929614802927,27.90059067510651,0,-23.25940278490116
602,6.01,140.1761169425575,27.79333143197741,0,-23.34882023403025
603,6.02,140.422918260177,27.68549089382636,0,-23.43803178179302
604,6.03,140.6700194094226,27.57706792840077,0,-23.52703606006666
605,6.04,140.9174210369658,27.46806141181556,0,-23.6158317089846
606,6.05,141.1651237825355,27.35847022867864,0,-23.7044173770238
607,6.06,141.4131282789411,27.24829327221574,0,-23.79279172109104
608,6.07,141.6614351520966,27.13752944439441,0,-23.8809534066083
609,6.08,141.9100450210453,27.02617765604724,0,-23.96890110759705
610,6.09,142.1589584979851,26.91423682699434,0,-24.05663350676162
611,6.100000000000001,142.4081761882943,26.8017058861649,0,-24.1441492955715
612,6.11,142.6576986905584,26.688583771718,0,-24.23144717434264
613,6.12,142.9075265965972,26.57486943116247,0,-24.31852585231766
614,6.13,143.1576604914926,26.46056182147591,0,-24.40538404774505
615,6.140000000000001,143.4081009536171,26.34565990922279,0,-24.49202048795727
616,6.15,143.6588485546626,26.23016267067164,0,-24.57843390944777
617,6.16,143.9099038596705,26.11406909191127,0,-24.66462305794693
618,6.17,144.1612674270613,25.99737816896602,0,-24.75058668849685
619,6.18,144.4129398086659,25.88008890791005,0,-24.83632356552512
620,6.19,144.6649215497566,25.76220032498061,0,-24.92183246291734
621,6.2,144.9172131890792,25.6437114466903,0,-25.00711216408861
622,6.21,145.1698152588855,25.52462130993827,0,-25.09216146205378
623,6.22,145.422728284966,25.40492896212037,0,-25.17697915949661
624,6.23,145.6759527866839,25.28463346123824,0,-25.26156406883774
625,6.24,145.9294892770088,25.16373387600725,0,-25.34591501230148
626,6.25,146.1833382625513,25.04222928596341,0,-25.43003082198141
627,6.26,146.4375002435984,24.92011878156908,0,-25.5139103399048
628,6.27,146.6919757141488,24.79740146431758,0,-25.59755241809579
629,6.28,146.9467651619491,24.6740764468366,0,-25.68095591863745
630,6.29,147.2018690685301,24.55014285299044,0,-25.7641197137325
631,6.3,147.4572879092443,24.42559981798111,0,-25.84704268576288
632,6.31,147.7130221533031,24.3004464884481,0,-25.9297237273481
633,6.32,147.9690722638146,24.17468202256709,0,-26.0121617414023
634,6.33,148.2254386978222,24.04830559014723,0,-26.09435564119007
635,6.34,148.4821219063434,23.92131637272734,0,-26.17630435038107
636,6.350000000000001,148.7391223344091,23.79371356367072,0,-26.25800680310333
637,6.36,148.9964404211028,23.6654963682587,0,-26.33946194399534
638,6.37,149.2540765996013,23.53666400378297,0,-26.42066872825683
639,6.38,149.5120312972147,23.40721569963648,0,-26.50162612169827
640,6.390000000000001,149.7703049354272,23.27715069740307,0,-26.58233310078917
641,6.4,150.0288979299387,23.14646825094582,0,-26.662788652705
642,6.41,150.2878106907057,23.01516762649394,0,-26.7429917753729
643,6.42,150.5470436219838,22.88324810272837,0,-26.82294147751603
644,6.43,150.8065971223697,22.750708970866,0,-26.90263677869671
645,6.44,151.0664715848438,22.61754953474248,0,-26.9820767093582
646,6.45,151.3266673968129,22.48376911089365,0,-27.06126031086521
647,6.46,151.5871849401537,22.34936702863554,0,-27.14018663554311
648,6.47,151.8480245912563,22.21434263014303,0,-27.21885474671585
649,6.48,152.1091867210677,22.07869527052695,0,-27.29726371874251
650,6.49,152.3706716951359,21.94242431790986,0,-27.37541263705265
651,6.5,152.6324798736547,21.80552915350033,0,-27.45330059818031
652,6.51,152.8946116115077,21.66800917166576,0,-27.53092670979661
653,6.52,153.1570672583134,21.52986378000378,0,-27.60829009074122
654,6.53,153.4198471584704,21.39109239941211,0,-27.68538987105243
655,6.54,153.6829516512025,21.25169446415698,0,-27.76222519199584
656,6.55,153.9463810706042,21.11166942194007,0,-27.83879520609189
657,6.56,154.2101357456865,20.97101673396395,0,-27.91509907714201
658,6.57,154.474216000423,20.82973587499596,0,-27.99113598025344
659,6.58,154.7386221537955,20.68782633343066,0,-28.0669051018628
660,6.59,155.0033545198407,20.54528761135073,0,-28.14240563975835
661,6.600000000000001,155.2684134076967,20.40211922458634,0,-28.21763680310093
662,6.61,155.533799121649,20.25832070277299,0,-28.29259781244363
663,6.62,155.7995119611779,20.11389158940788,0,-28.36728789975013
664,6.63,156.0655522210048,19.96883144190463,0,-28.44170630841179
665,6.640000000000001,156.3319201911396,19.82313983164654,0,-28.51585229326343
666,6.65,156.5986161569277,19.6768163440383,0,-28.58972512059783
667,6.66,156.8656403990968,19.52986057855614,0,-28.66332406817896
668,6.67,157.1329931938047,19.38227214879639,0,-28.73664842525393
669,6.68,157.4006748126864,19.23405068252254,0,-28.80969749256363
670,6.69,157.6686855229014,19.08519582171074,0,-28.88247058235218
671,6.7,157.9370255871816,18.93570722259366,0,-28.95496701837506
672,6.71,158.2056952638784,18.78558455570289,0,-29.02718613590597
673,6.72,158.4746948070105,18.63482750590972,0,-29.09912728174249
674,6.73,158.7440244663112,18.48343577246437,0,-29.17078981421049
675,6.74,159.0136844872767,18.33140906903362,0,-29.24217310316721
676,6.75,159.2836751112129,18.17874712373692,0,-29.31327653000325
677,6.76,159.5539965752837,18.02544967918094,0,-29.3840994876432
678,6.77,159.8246491125582,17.87151649249246,0,-29.45464138054512
679,6.78,160.0956329520585,17.71694733534983,0,-29.52490162469877
680,6.79,160.3669483188072,17.56174199401271,0,-29.5948796476227
681,6.8,160.6385954338751,17.40590026935041,0,-29.66457488836
682,6.81,160.9105745144282,17.24942197686852,0,-29.73398679747304
683,6.82,161.1828857737759,17.09230694673407,0,-29.80311483703684
684,6.83,161.4555294214177,16.93455502379907,0,-29.87195848063142
685,6.84,161.7285056630908,16.77616606762257,0,-29.94051721333283
686,6.850000000000001,162.0018147008173,16.61713995249104,0,-30.00879053170319
687,6.86,162.2754567329512,16.45747656743734,0,-30.0767779437794
688,6.87,162.5494319542255,16.29717581625804,0,-30.14447896906083
689,6.88,162.8237405557991,16.13623761752924,0,-30.21189313849579
690,6.890000000000001,163.0983827253035,15.9746619046208,0,-30.27901999446698
691,6.9,163.3733586468897,15.81244862570914,0,-30.34585909077568
692,6.91,163.6486685012743,15.64959774378835,0,-30.41240999262497
693,6.92,163.9243124657863,15.4861092366799,0,-30.47867227660171
694,6.93,164.2002907144132,15.32198309704081,0,-30.54464553065757
695,6.94,164.4766034178467,15.15721933237019,0,-30.61032935408891
696,6.95,164.7532507435293,14.99181796501445,0,-30.67572335751555
697,6.96,165.0302328556995,14.82577903217082,0,-30.74082716285856
698,6.97,165.3075499154373,14.65910258588952,0,-30.80564040331696
699,6.98,165.5852020807099,14.49178869307431,0,-30.87016272334338
700,6.99,165.8631895064168,14.32383743548169,0,-30.93439377861871
701,7,166.1415123444342,14.15524890971847,0,-30.99833323602567
702,7.01,166.4201707436606,13.98602322723797,0,-31.06198077362148
703,7.02,166.6991648500605,13.81616051433473,0,-31.12533608060946
704,7.03,166.9784948067093,13.64566091213776,0,-31.18839885730962
705,7.04,167.2581607538368,13.47452457660231,0,-31.25116881512836
706,7.05,167.5381628288715,13.30275167850027,0,-31.31364567652715
707,7.06,167.8185011664838,13.13034240340902,0,-31.37582917499023
708,7.07,168.0991758986295,12.95729695169902,0,-31.43771905499147
709,7.08,168.3801871545929,12.78361553851983,0,-31.49931507196018
710,7.09,168.6615350610292,12.60929839378478,0,-31.56061699224612
711,7.100000000000001,168.9432197420075,12.4343457621543,0,-31.6216245930835
712,7.11,169.2252413190527,12.25875790301775,0,-31.68233766255416
713,7.12,169.5075999111874,12.082535090474,0,-31.74275599954981
714,7.13,169.7902956349739,11.9056776133105,0,-31.80287941373349
715,7.140000000000001,170.0733286045551,11.72818577498114,0,-31.86270772550006
716,7.15,170.3566989316959,11.55005989358265,0,-31.92224076593592
717,7.16,170.6404067258239,11.3713003018297,0,-31.98147837677789
718,7.17,170.9244520940696,11.19190734702871,0,-32.04042041037122
719,7.18,171.2088351413067,11.01188139105031,0,-32.09906672962685
720,7.19,171.4935559701917,10.83122281030045,0,-32.15741720797786
721,7.2,171.7786146812039,10.64993199569036,0,-32.21547172933509
722,7.21,172.0640113726839,10.46800935260505,0,-32.27323018804206
723,7.22,172.3497461408726,10.28545530087067,0,-32.33069248882909
724,7.23,172.6358190799497,10.10227027472059,0,-32.38785854676664
725,7.24,172.922230282072,9.918454722760178,0,-32.44472828721801
726,7.25,173.2089798374108,9.734009107930408,0,-32.50130164579121
727,7.26,173.4960678341896,9.548933907470218,0,-32.55757856829022
728,7.27,173.7834943587209,9.363229612877662,0,-32.61355901066549
729,7.28,174.0712594954432,9.176896729869876,0,-32.66924293896376
730,7.29,174.359363326957,8.989935778341847,0,-32.72463032927725
731,7.3,174.647805934061,8.802347292324024,0,-32.77972116769214
732,7.31,174.9365873957875,8.614131819938766,0,-32.83451545023645
733,7.32,175.2257077894379,8.425289923355649,0,-32.88901318282726
734,7.33,175.5151671906172,8.235822178745634,0,-32.94321438121729
735,7.34,175.8049656732687,8.045729176234129,0,-32.99711907094095
736,7.350000000000001,176.0951033097079,7.855011519852941,0,-33.05072728725973
737,7.36,176.3855801706563,7.663669827491138,0,-33.10403907510697
738,7.37,176.6763963252746,7.471704730844831,0,-33.15705448903218
739,7.38,176.967551841196,7.279116875365898,0,-33.20977359314469
740,7.390000000000001,177.2590467845579,7.08590692020966,0,-33.26219646105685
741,7.4,177.5508812200349,6.89207553818151,0,-33.31432317582657
742,7.41,177.84305521087,6.697623415682536,0,-33.36615382989952
743,7.42,178.135568818906,6.502551252654125,0,-33.41768852505061
744,7.43,178.4284221046167,6.306859762521578,0,-33.46892737232521
745,7.44,178.7216151271369,6.110549672136748,0,-33.51987049197967
746,7.45,179.0151479442931,5.913621721719708,0,-33.57051801342149
747,7.46,179.3090206126327,5.716076664799473,0,-33.62087007514906
748,7.47,179.6032331874538,5.517915268153786,0,-33.67092682469085
749,7.48,179.8977857228336,5.319138311747976,0,-33.72068841854425
750,7.49,180.1926782716572,5.119746588672919,0,-33.77015502211393
751,7.5,180.4879108856455,4.919740905082101,0,-33.8193268096499
752,7.51,180.7834836153832,4.719122080127795,0,-33.86820396418501
753,7.52,181.0793965103456,4.517890945896393,0,-33.91678667747222
754,7.53,181.3756496189257,4.316048347342873,0,-33.96507514992139
755,7.54,181.6722429884605,4.113595142224439,0,-34.0130695905358
756,7.55,181.9691766652573,3.910532201033339,0,-34.06077021684825
757,7.56,182.2664506946189,3.706860406928885,0,-34.10817725485683
758,7.57,182.5640651208691,3.50258065566867,0,-34.15529093896044
759,7.58,182.8620199873773,3.297693855539025,0,-34.2021115118939
760,7.59,183.1603153365828,3.092200927284704,0,-34.2486392246628
761,7.600000000000001,183.4589512100192,2.886102804037829,0,-34.29487433647812
762,7.61,183.7579276483372,2.679400431246104,0,-34.34081711469046
763,7.62,184.0572446913284,2.472094766600309,0,-34.38646783472407
764,7.63,184.3569023779475,2.264186779961098,0,-34.43182678001063
765,7.640000000000001,184.656900746335,2.055677453285106,0,-34.47689424192278
766,7.65,184.9572398338388,1.846567780550388,0,-34.52167051970737
767,7.66,185.2579196770358,1.636858767681199,0,-34.56615592041857
768,7.67,185.558940311753,1.426551432472128,0,-34.61035075885069
769,7.68,185.860301773088,1.215646804511612,0,-34.65425535747087
770,7.69,186.1620040954294,1.004145925104832,0,-34.69787004635153
771,7.7,186.4640473124765,0.7920498471960113,0,-34.74119516310267
772,7.71,186.7664314572588,0.5793596352901303,0,-34.784231052804
773,7.72,187.0691565621554,0.3660763653740724,0,-34.82697806793685
774,7.73,187.3722226589128,0.1522011248372149,0,-34.8694365683161
