1,0,0,20,0,3
2,0.01,0.4,20,0,3
3,0.02,0.7997919879317097,20.00156258187795,0,2.998012459483101
4,0.03,1.199379383665134,20.00451131073871,0,2.994236136926273
5,0.04,1.598765645673055,20.00868818949442,0,2.988849079878566
6,0.05,1.997954193974642,20.01395169337741,0,2.982010816619046
7,0.06,2.396948356076613,20.02017502214805,0,2.973864308864411
8,0.07000000000000001,2.795751314416557,20.02724454356085,0,2.964537693347799
9,0.08,3.194365900109795,20.035058401763,0,2.954145836936568
10,0.09,3.592794745746935,20.04352528123838,0,2.942791725592233
11,0.1,3.99104034237318,20.05256330370567,0,2.930567704868306
12,0.11,4.389105035197817,20.06209904162075,0,2.917556589151094
13,0.12,4.786991023725477,20.07206663627035,0,2.90383265398333
14,0.13,5.184700365041754,20.08240700904466,0,2.88946252406903
15,0.14,5.582234979280255,20.0930671558015,0,2.874505968132444
16,0.15,5.979596656529165,20.10399951538473,0,2.859016610557418
17,0.16,6.376787064616249,20.1151614043648,0,2.843042568638869
18,0.17,6.773807757352401,20.1265145109497,0,2.826627023313506
19,0.18,7.170660182923789,20.13802444178972,0,2.809808730384712
20,0.19,7.567345692207859,20.14966031608347,0,2.792622478501544
21,0.2,7.963865546854174,20.16139440199723,0,2.775099499481897
22,0.21,8.360220927021546,20.17320179094635,0,2.757267835974314
23,0.22,8.756412938701258,20.1850601057634,0,2.739152670922888
24,0.23,9.15244262058518,20.19694923920133,0,2.720776622827394
25,0.24,9.548310949989695,20.20885111958276,0,2.702160010369556
26,0.25,9.944018827357134,20.22074950010263,0,2.683321089608453
27,0.26,10.33956708874846,20.2326297707096,0,2.664276266599618
28,0.27,10.73495652959596,20.24447878996614,0,2.645040287958858
29,0.28,11.13018790883445,20.25628473382962,0,2.625626411696497
30,0.29,11.52526195267053,20.2680369600846,0,2.606046560380316
31,0.3,11.92017935801067,20.27972588679881,0,2.58631145846285
32,0.31,12.31494079557031,20.29134288334569,0,2.566430755417036
33,0.32,12.70954691268696,20.30288017268846,0,2.546413136152854
34,0.33,13.10399833586,20.31433074375694,0,2.526266420034041
35,0.34,13.49829567303943,20.32568827287028,0,2.505997649676668
36,0.35,13.89243951568506,20.33694705326784,0,2.485613170588302
37,0.36,14.28643044061629,20.34810193190803,0,2.465118702596365
38,0.37,14.68026901167171,20.35914825278243,0,2.444519403915687
39,0.38,15.07395578119614,20.37008180607086,0,2.423819928616893
40,0.39,15.46749129137178,20.38089878253295,0,2.403024478178171
41,0.4,15.86087607540845,20.39159573259477,0,2.382136847732107
42,0.41,16.25411065860713,20.40216952964517,0,2.361160467555794
43,0.42,16.6471955593092,20.41261733710694,0,2.340098440295547
44,0.43,17.04013128974333,20.42293657889286,0,2.318953574366652
45,0.44,17.43291835678021,20.43312491289725,0,2.297728413922878
46,0.45,17.82555726260505,20.44318020720996,0,2.276425265749651
47,0.46,18.21804850531604,20.45310051877174,0,2.255046223398097
48,0.47,18.61039257945696,20.4628840742196,0,2.233593188844354
49,0.48,19.00258997649072,20.47252925269623,0,2.212067891929128
50,0.49,19.39464118522013,20.48203457042136,0,2.190471907806084
51,0.5,19.78654669216176,20.49139866684361,0,2.168806672604055
52,0.51,20.17830698187771,20.50062029221007,0,2.147073497486853
53,0.52,20.56992253727007,20.50969829640795,0,2.125273581275495
54,0.53,20.961393839842,20.51863161894737,0,2.103408021780634
55,0.54,21.35272136992917,20.52741927996798,0,2.081477825977735
56,0.55,21.74390560690474,20.53606037216441,0,2.059483919143871
57,0.5600000000000001,22.13494702936088,20.54455405353594,0,2.037427153062733
58,0.5700000000000001,22.52584611526935,20.55289954087601,0,2.0153083133935
59,0.58,22.91660334212351,20.56109610392551,0,1.993128126289307
60,0.59,23.30721918706383,20.56914306012184,0,1.970887264342285
61,0.6,23.69769412698867,20.5770397698827,0,1.948586351924152
62,0.61,24.08802863865207,20.58478563236971,0,1.926225969984293
63,0.62,24.47822319874999,20.59238008168284,0,1.903806660360868
64,0.63,24.86827828399619,20.59982258344145,0,1.881328929654773
65,0.64,25.2581943711891,20.60711263171242,0,1.858793252711181
66,0.65,25.64797193727054,20.61424974624991,0,1.836200075748775
67,0.66,26.03761145937726,20.62123347001477,0,1.813549819172663
68,0.67,26.42711341488619,20.62806336694519,0,1.790842880103296
69,0.68,26.816478281454,20.63473901995277,0,1.768079634650366
70,0.6900000000000001,27.20570653705166,20.64126002912111,0,1.745260439957703
71,0.7000000000000001,27.59479865999463,20.64762601008622,0,1.722385636042516
72,0.71,27.98375512896909,20.65383659258015,0,1.699455547449947
73,0.72,28.37257642305469,20.65989141912131,0,1.676470484741729
74,0.73,28.76126302174432,20.66579014383649,0,1.653430745835844
75,0.74,29.14981540496104,20.67153243140109,0,1.630336617212337
76,0.75,29.53823405307269,20.6771179560857,0,1.607188374998883
77,0.76,29.92651944690435,20.68254640089799,0,1.583986285948327
78,0.77,30.31467206774893,20.68781745681048,0,1.560730608319162
79,0.78,30.70269239737612,20.69293082206526,0,1.537421592668789
80,0.79,31.09058091803978,20.69788620154788,0,1.5140594825684
81,0.8,31.4783381124842,20.70268330622355,0,1.490644515247418
82,0.8100000000000001,31.86596446394903,20.70732185262908,0,1.467176922174632
83,0.8200000000000001,32.25346045617337,20.71180156241515,0,1.443656929582409
84,0.8300000000000001,32.64082657339883,20.71612216193364,0,1.420084758939755
85,0.84,33.02806330037192,20.72028338186559,0,1.396460627379369
86,0.85,33.41517112234564,20.72428495688555,0,1.37278474808333
87,0.86,33.80215052508058,20.72812662535881,0,1.349057330631599
88,0.87,34.18900199484536,20.73180812906798,0,1.325278581317046
89,0.88,34.57572601841668,20.73532921296622,0,1.301448703430398
90,0.89,34.96232308307895,20.73868962495417,0,1.277567897518101
91,0.9,35.34879367662349,20.74188911567839,0,1.253636361615816
92,0.91,35.73513828734746,20.74492743834904,0,1.229654291459998
93,0.92,36.12135740405254,20.74780434857498,0,1.20562188067973
94,0.93,36.50745151604326,20.75051960421432,0,1.18153932097079
95,0.9400000000000001,36.89342111312521,20.75307296523918,0,1.157406802253721
96,0.9500000000000001,37.27926668560301,20.755464193613,0,1.133224512817489
97,0.96,37.66498872427811,20.75769305317921,0,1.108992639450156
98,0.97,38.05058772044647,20.75975930956019,0,1.084711367557862
99,0.98,38.43606416589607,20.7616627300654,0,1.060380881273256
100,0.99,38.82141855290438,20.76340308360787,0,1.036001363554425
101,1,39.20665137423562,20.76498014062813,0,1.011572996275253
102,1.01,39.59176312313806,20.76639367302488,0,0.9870959603080417
103,1.02,39.97675429334112,20.76764345409175,0,0.962570435599153
104,1.03,40.36162537905253,20.76872925845952,0,0.937996601238353
105,1.04,40.74637687495532,20.76965086204329,0,0.9133746355224637
106,1.05,41.13100927620481,20.77040804199411,0,0.8887047160138744
107,1.06,41.51552307842557,20.77100057665458,0,0.8639870195944035
108,1.07,41.89991877770834,20.77142824551816,0,0.8392217225149582
109,1.08,42.28419687060686,20.77169082919164,0,0.8144090004413922
110,1.09,42.66835785413474,20.77178810936072,0,0.7895490284969181
111,1.1,43.05240222576226,20.77171986875808,0,0.7646419813013986
112,1.11,43.43633048341321,20.77148589113403,0,0.7396880330078139
113,1.12,43.82014312546158,20.77108596122925,0,0.7146873573361593
114,1.13,44.2038406507284,20.77051986474951,0,0.6896401276050156
115,1.14,44.58742355847843,20.76978738834225,0,0.6645465167610044
116,1.15,44.97089234841695,20.76888831957471,0,0.6394066974063169
117,1.16,45.35424752068639,20.76782244691355,0,0.6142208418244924
118,1.17,45.73748957586311,20.76658955970583,0,0.5889891220046012
119,1.18,46.12061901495406,20.76518944816117,0,0.5637117096639719
120,1.19,46.50363633939349,20.76362190333501,0,0.5383887762695905
121,1.2,46.88654205103964,20.76188671711293,0,0.513020493058286
122,1.21,47.26933665217138,20.75998368219579,0,0.4876070310558041
123,1.22,47.65202064548492,20.75791259208576,0,0.4621485610948619
124,1.23,48.03459453409045,20.75567324107312,0,0.4366452538322707
125,1.24,48.41705882150881,20.75326542422369,0,0.4110972797651978
126,1.25,48.79941401166813,20.75068893736694,0,0.3855048092466409
127,1.26,49.18166060890051,20.74794357708467,0,0.3598680125001733
128,1.27,49.56379911793864,20.74502914070024,0,0.3341870596340177
129,1.28,49.94583004391244,20.74194542626821,0,0.3084621206544993
130,1.29,50.3277538923457,20.73869223256453,0,0.2826933654789222
131,1.3,50.70957116915275,20.73526935907708,0,0.256880963947914
132,1.31,51.09128238063501,20.7316766059966,0,0.2310250858372729
133,1.32,51.47288803347771,20.72791377420796,0,0.2051259008693543
134,1.33,51.85438863474643,20.72398066528181,0,0.1791835787240247
135,1.34,52.23578469188376,20.71987708146645,0,0.1531982890492146
136,1.35,52.6170767127059,20.71560282568001,0,0.1271702014710922
137,1.36,52.99826520539929,20.71115770150294,0,0.1010994856038846
138,1.37,53.37935067851719,20.70654151317068,0,0.07498631105936593
139,1.38,53.76033364097628,20.70175406556656,0,0.04883084745603131
140,1.39,54.14121460205329,20.69679516421495,0,0.02263326442797498
141,1.4,54.52199407138153,20.69166461527456,0,-0.003606268366510558
142,1.41,54.90267255894757,20.68636222553197,0,-0.02988758123660297
143,1.42,55.28325057508774,20.6808878023953,0,-0.05621050445086762
144,1.43,55.66372863048475,20.6752411538881,0,-0.08257486822941681
145,1.44,56.04410723616426,20.66942208864329,0,-0.1089805027362968
146,1.45,56.42438690349145,20.66343041589739,0,-0.1354272380720914
147,1.46,56.80456814416758,20.65726594548475,0,-0.1619149042667363
148,1.47,57.18465147022656,20.65092848783202,0,-0.1884433312725325
149,1.48,57.56463739403149,20.64441785395269,0,-0.2150123489573495
150,1.49,57.94452642827125,20.63773385544177,0,-0.2416217870980146
151,1.5,58.32431908595701,20.6308763044706,0,-0.2682714753738801
152,1.51,58.70401588041876,20.62384501378173,0,-0.2949612433605587
153,1.52,59.08361732530189,20.61663979668395,0,-0.321690920523826
154,1.53,59.46312393456369,20.60926046704738,0,-0.3484603362136819
155,1.54,59.8425362224699,20.60170683929874,0,-0.3752693196585654
156,1.55,60.22185470359118,20.59397872841659,0,-0.4021176999597205
157,1.56,60.6010798927997,20.58607594992679,0,-0.4290053060857041
158,1.57,60.98021230526559,20.57799831989794,0,-0.4559319668670391
159,1.58,61.35925245645345,20.56974565493701,0,-0.4828975109910004
160,1.59,61.73820086211889,20.56131777218496,0,-0.5099017669965354
161,1.6,62.11705803830496,20.55271448931252,0,-0.5369445632693146
162,1.61,62.4958245013387,20.54393562451597,0,-0.564025728036908
163,1.62,62.87450076782758,20.53498099651309,0,-0.5911450893640844
164,1.63,63.25308735465599,20.52585042453909,0,-0.6183024751482317
165,1.64,63.63158477898168,20.51654372834269,0,-0.6454977131148931
166,1.65,64.0099935582323,20.50706072818222,0,-0.6727306308134213
167,1.66,64.38831421010174,20.49740124482185,0,-0.7000010556127413
168,1.67,64.76654725254672,20.48756509952779,0,-0.727308814697226
169,1.68,65.14469320378311,20.47755211406466,0,-0.7546537350626757
170,1.69,65.52275258228244,20.46736211069188,0,-0.7820356435124076
171,1.7,65.90072590676832,20.45699491216013,0,-0.8094543666534458
172,1.71,66.27861369621286,20.44645034170784,0,-0.8369097308928112
173,1.72,66.65641646983309,20.43572822305781,0,-0.864401562433914
174,1.73,67.03413474708738,20.42482838041385,0,-0.8919296872730419
175,1.74,67.41176904767183,20.41375063845746,0,-0.9194939311959432
176,1.75,67.78931989151671,20.40249482234463,0,-0.947094119774505
177,1.76,68.16678779878283,20.39106075770262,0,-0.9747300783635233
178,1.77,68.54417328985792,20.3794482706269,0,-1.002401632097563
179,1.78,68.92147688535303,20.36765718767802,0,-1.030108605887906
180,1.79,69.29869910609891,20.35568733587864,0,-1.057850824419591
181,1.8,69.67584047314237,20.34353854271059,0,-1.085628112148535
182,1.81,70.05290150774265,20.33121063611192,0,-1.113440293298739
183,1.82,70.42988273136774,20.31870344447411,0,-1.141287191859579
184,1.83,70.80678466569081,20.30601679663924,0,-1.169168631583182
185,1.84,71.18360783258649,20.29315052189726,0,-1.197084435981874
186,1.85,71.56035275412722,20.2801044499833,0,-1.225034428325716
187,1.86,71.93701995257962,20.26687841107503,0,-1.253018431640111
188,1.87,72.31360995040073,20.25347223579008,0,-1.281036268703493
189,1.88,72.69012327023444,20.23988575518348,0,-1.309087762045088
190,1.89,73.0665604349077,20.22611880074517,0,-1.337172733942753
191,1.9,73.44292196742691,20.2121712043976,0,-1.365291006420883
192,1.91,73.81920839097415,20.19804279849325,0,-1.393442401248397
193,1.92,74.19542022890353,20.18373341581237,0,-1.421626739936787
194,1.93,74.57155800473743,20.16924288956061,0,-1.449843843738247
195,1.94,74.94762224216279,20.15457105336683,0,-1.478093533643862
196,1.95,75.32361346502744,20.13971774128079,0,-1.506375630381868
197,1.96,75.69953219733627,20.12468278777111,0,-1.534689954415984
198,1.97,76.07537896324757,20.10946602772304,0,-1.563036325943803
199,1.98,76.45115428706927,20.09406729643645,0,-1.59141456489525
200,1.99,76.82685869325515,20.07848642962375,0,-1.619824490931109
201,2,77.2024927064011,20.06272326340795,0,-1.648265923441607
202,2.01,77.57805685124139,20.04677763432067,0,-1.676738681545064
203,2.02,77.95355165264485,20.03064937930026,0,-1.705242584086603
204,2.03,78.32897763561112,20.01433833568993,0,-1.733777449636924
205,2.04,78.7043353252669,19.99784434123592,0,-1.762343096491132
206,2.05,79.07962524686204,19.98116723408573,0,-1.790939342667633
207,2.06,79.45484792576589,19.96430685278639,0,-1.819566005907077
208,2.07,79.83000388746341,19.94726303628273,0,-1.848222903671367
209,2.08,80.20509365755137,19.93003562391576,0,-1.876909853142725
210,2.09,80.5801177617346,19.91262445542102,0,-1.905626671222806
211,2.1,80.95507672582205,19.89502937092703,0,-1.934373174531878
212,2.11,81.32997107572309,19.87725021095373,0,-1.963149179408049
213,2.12,81.7048013374436,19.85928681641096,0,-1.991954501906547
214,2.13,82.07956803708211,19.84113902859705,0,-2.020788957799063
215,2.14,82.45427170082607,19.82280668919735,0,-2.049652362573131
216,2.15,82.82891285494786,19.80428964028286,0,-2.078544531431577
217,2.16,83.20349202580103,19.78558772430889,0,-2.107465279292005
218,2.17,83.57800973981638,19.76670078411371,0,-2.136414420786342
219,2.18,83.95246652349815,19.74762866291733,0,-2.165391770260428
220,2.19,84.32686290342006,19.72837120432022,0,-2.194397141773657
221,2.2,84.70119940622155,19.70892825230212,0,-2.22343034909867
222,2.21,85.07547655860375,19.68929965122087,0,-2.252491205721091
223,2.22,85.44969488732572,19.6694852458113,0,-2.281579524839308
224,2.23,85.82385491920046,19.64948488118411,0,-2.310695119364313
225,2.24,86.19795718109106,19.62929840282482,0,-2.339837801919574
226,2.25,86.57200219990675,19.60892565659276,0,-2.369007384840959
227,2.26,86.94599050259903,19.58836648872004,0,-2.398203680176713
228,2.27,87.31992261615771,19.56762074581066,0,-2.427426499687461
229,2.28,87.69379906760703,19.54668827483951,0,-2.456675654846274
230,2.29,88.06762038400167,19.52556892315157,0,-2.485950956838765
231,2.3,88.44138709242287,19.50426253846097,0,-2.51525221656324
232,2.31,88.81509971997446,19.48276896885026,0,-2.544579244630874
233,2.32,89.1887587937789,19.46108806276955,0,-2.573931851365953
234,2.33,89.56236484097337,19.4392196690358,0,-2.603309846806134
235,2.34,89.93591838870579,19.41716363683208,0,-2.632713040702764
236,2.35,90.30941996413083,19.3949198157069,0,-2.662141242521229
237,2.36,90.682870094406,19.37248805557356,0,-2.691594261441343
238,2.37,91.05626930668764,19.34986820670951,0,-2.721071906357788
239,2.38,91.42961812812695,19.32706011975576,0,-2.750573985880578
240,2.39,91.802917085866,19.30406364571636,0,-2.78010030833557
241,2.4,92.17616670703377,19.28087863595784,0,-2.809650681765019
242,2.41,92.54936751874213,19.25750494220871,0,-2.839224913928153
243,2.42,92.92252004808186,19.23394241655904,0,-2.868822812301807
244,2.43,93.29562482211865,19.21019091145999,0,-2.898444184081079
245,2.44,93.66868236788909,19.18625027972343,0,-2.928088836180027
246,2.45,94.04169321239665,19.16212037452157,0,-2.957756575232404
247,2.46,94.4146578826077,19.13780104938663,0,-2.987447207592429
248,2.47,94.78757690544745,19.11329215821051,0,-3.017160539335586
249,2.48,95.16045080779594,19.08859355524453,0,-3.046896376259472
250,2.49,95.53328011648404,19.06370509509919,0,-3.076654523884667
251,2.5,95.90606535828938,19.03862663274396,0,-3.106434787455644
252,2.51,96.27880705993235,19.01335802350705,0,-3.136236971941715
253,2.52,96.65150574807203,18.98789912307531,0,-3.166060882038
254,2.53,97.02416194930215,18.96224978749407,0,-3.195906322166447
255,2.54,97.39677619014709,18.93640987316707,0,-3.225773096476867
256,2.55,97.76934899705778,18.91037923685636,0,-3.255661008848012
257,2.56,98.14188089640761,18.88415773568229,0,-3.285569862888686
258,2.57,98.51437241448851,18.85774522712347,0,-3.315499461938879
259,2.58,98.88682407750672,18.83114156901685,0,-3.345449609070941
260,2.59,99.25923641157885,18.80434661955769,0,-3.375420107090783
261,2.6,99.63160994272776,18.77736023729971,0,-3.405410758539114
262,2.61,100.0039451968785,18.75018228115515,0,-3.435421365692698
263,2.62,100.3762426998541,18.72281261039491,0,-3.465451730565653
264,2.63,100.7485029773719,18.69525108464875,0,-3.495501654910775
265,2.64,101.120726555039,18.66749756390542,0,-3.525570940220889
266,2.65,101.4929139583483,18.63955190851296,0,-3.555659387730234
267,2.66,101.8650657126746,18.61141397917886,0,-3.585766798415872
268,2.67,102.2371823432703,18.5830836369704,0,-3.615892972999134
269,2.68,102.6092643752615,18.55456074331491,0,-3.646037711947085
270,2.69,102.9813123336438,18.52584516000015,0,-3.676200815474021
271,2.7,103.353326743278,18.49693674917462,0,-3.706382083543
272,2.71,103.7253081288865,18.46783537334796,0,-3.736581315867386
273,2.72,104.0972570150487,18.43854089539137,0,-3.766798311912439
274,2.73,104.469173926197,18.40905317853806,0,-3.797032870896913
275,2.74,104.8410593866131,18.37937208638367,0,-3.827284791794698
276,2.75,105.2129139204232,18.34949748288683,0,-3.857553873336478
277,2.76,105.5847380515945,18.31942923236962,0,-3.887839914011414
278,2.77,105.9565323039309,18.28916719951816,0,-3.918142712068864
279,2.78,106.3282972010685,18.25871124938316,0,-3.948462065520118
280,2.79,106.7000332664722,18.22806124738052,0,-3.978797772140161
281,2.8,107.0717410234309,18.19721705929195,0,-4.009149629469467
282,2.81,107.4434209950539,18.16617855126566,0,-4.039517434815807
283,2.82,107.8150737042664,18.134945589817,0,-4.069900985256099
284,2.83,108.1866996738054,18.10351804182915,0,-4.100300077638257
285,2.84,108.5582994262161,18.07189577455392,0,-4.130714508583095
286,2.85,108.9298734838469,18.04007865561242,0,-4.161144074486226
287,2.86,109.301422368846,18.0080665529959,0,-4.191588571520009
288,2.87,109.6729466031571,17.97585933506654,0,-4.222047795635497
289,2.88,110.0444467085149,17.94345687055826,0,-4.252521542564432
290,2.89,110.4159232064415,17.91085902857763,0,-4.283009607821244
291,2.9,110.7873766182418,17.8780656786047,0,-4.313511786705081
292,2.91,111.1588074649999,17.84507669049391,0,-4.34402787430186
293,2.92,111.5302162675742,17.81189193447508,0,-4.374557665486347
294,2.93,111.9016035465942,17.77851128115431,0,-4.405100954924245
295,2.94,112.2729698224555,17.74493460151496,0,-4.435657537074317
296,2.95,112.6443156153162,17.71116176691872,0,-4.466227206190529
297,2.96,113.0156414450927,17.67719264910657,0,-4.496809756324204
298,2.97,113.3869478314554,17.64302712019987,0,-4.527404981326213
299,2.98,113.7582352938245,17.60866505270143,0,-4.558012674849174
300,2.99,114.1295043513663,17.57410631949664,0,-4.588632630349678
301,3,114.5007555229884,17.53935079385457,0,-4.619264641090541
302,3.01,114.8719893273364,17.50439834942912,0,-4.649908500143065
303,3.02,115.2432062827888,17.46924886026023,0,-4.680564000389324
304,3.03,115.6144069074538,17.43390220077504,0,-4.711230934524473
305,3.04,115.9855917191644,17.39835824578915,0,-4.741909095059079
306,3.05,116.3567612354749,17.36261687050784,0,-4.77259827432146
307,3.06,116.7279159736563,17.32667795052738,0,-4.803298264460059
308,3.07,117.0990564506923,17.29054136183626,0,-4.834008857445824
309,3.08,117.4701831832754,17.25420698081658,0,-4.864729845074617
310,3.09,117.8412966878023,17.21767468424535,0,-4.895461018969632
311,3.1,118.2123974803703,17.18094434929585,0,-4.926202170583847
312,3.11,118.5834860767728,17.14401585353906,0,-4.956953091202475
313,3.12,118.9545629924953,17.10688907494502,0,-4.987713571945451
314,3.13,119.3256287427115,17.0695638918843,0,-5.018483403769927
315,3.14,119.6966838422786,17.03204018312943,0,-5.049262377472785
316,3.15,120.0677288057338,16.9943178278564,0,-5.080050283693176
317,3.16,120.4387641472897,16.95639670564614,0,-5.110846912915068
318,3.17,120.8097903808307,16.91827669648609,0,-5.141652055469814
319,3.18,121.1808080199083,16.87995768077166,0,-5.172465501538739
320,3.19,121.5518175777374,16.84143953930791,0,-5.203287041155744
321,3.2,121.9228195671921,16.80272215331102,0,-5.234116464209924
322,3.21,122.2938145008014,16.76380540441001,0,-5.264953560448206
323,3.22,122.6648028907455,16.7246891746483,0,-5.295798119478002
324,3.23,123.0357852488512,16.6853733464854,0,-5.326649930769876
325,3.24,123.4067620865882,16.64585780279859,0,-5.357508783660236
326,3.25,123.7777339150648,16.60614242688459,0,-5.388374467354025
327,3.26,124.1487012450238,16.56622710246131,0,-5.41924677092745
328,3.27,124.5196645868386,16.52611171366958,0,-5.450125483330711
329,3.28,124.8906244505088,16.4857961450749,0,-5.481010393390744
330,3.29,125.2615813456565,16.44528028166926,0,-5.511901289813994
331,3.3,125.6325357815218,16.40456400887289,0,-5.542797961189184
332,3.31,126.0034882669591,16.36364721253615,0,-5.573700195990122
333,3.32,126.3744393104327,16.32252977894133,0,-5.604607782578495
334,3.33,126.7453894200131,16.28121159480452,0,-5.635520509206703
335,3.34,127.1163391033724,16.23969254727751,0,-5.666438164020696
336,3.35,127.4872888677809,16.19797252394972,0,-5.697360535062818
337,3.36,127.8582392201024,16.15605141285006,0,-5.728287410274682
338,3.37,128.2291906667907,16.11392910244897,0,-5.759218577500043
339,3.38,128.600143713885,16.0716054816603,0,-5.790153824487699
340,3.39,128.9710988670064,16.02908043984336,0,-5.821092938894393
341,3.4,129.3420566313534,15.9863538668049,0,-5.852035708287731
342,3.41,129.7130175116982,15.94342565280113,0,-5.882981920149127
343,3.42,130.0839820123824,15.90029568853981,0,-5.913931361876736
344,3.43,130.4549506373133,15.85696386518227,0,-5.944883820788427
345,3.44,130.8259238899595,15.81343007434551,0,-5.975839084124745
346,3.45,131.196902273347,15.76969420810431,0,-6.006796939051901
347,3.46,131.5678862900554,15.72575615899335,0,-6.037757172664769
348,3.47,131.9388764422137,15.68161582000937,0,-6.068719571989897
349,3.48,132.3098732314962,15.63727308461331,0,-6.099683923988526
350,3.49,132.6808771591187,15.59272784673249,0,-6.130650015559624
351,3.5,133.0518887258346,15.54798000076281,0,-6.161617633542933
352,3.51,133.4229084319304,15.503029441571,0,-6.192586564722026
353,3.52,133.7939367772225,15.45787606449681,0,-6.223556595827374
354,3.53,134.1649742610524,15.41251976535529,0,-6.254527513539425
355,3.54,134.5360213822833,15.36696044043906,0,-6.285499104491695
356,3.55,134.9070786392961,15.32119798652059,0,-6.316471155273873
357,3.56,135.278146529985,15.27523230085452,0,-6.347443452434926
358,3.57,135.6492255517541,15.22906328117996,0,-6.378415782486227
359,3.58,136.0203162015131,15.18269082572289,0,-6.409387931904688
360,3.59,136.3914189756734,15.13611483319844,0,-6.440359687135898
361,3.6,136.7625343701445,15.08933520281334,0,-6.471330834597285
362,3.61,137.1336628803295,15.04235183426826,0,-6.502301160681271
363,3.62,137.5048050011218,14.99516462776026,0,-6.533270451758451
364,3.63,137.8759612269005,14.94777348398521,0,-6.564238494180771
365,3.64,138.2471320515274,14.90017830414021,0,-6.595205074284721
366,3.65,138.6183179683421,14.85237898992609,0,-6.626169978394538
367,3.66,138.9895194701588,14.80437544354985,0,-6.657132992825416
368,3.67,139.3607370492624,14.75616756772718,0,-6.688093903886721
369,3.68,139.7319711974041,14.70775526568496,0,-6.719052497885226
370,3.69,140.1032224057981,14.6591384411638,0,-6.750008561128339
371,3.7,140.4744911651174,14.61031699842055,0,-6.780961879927353
372,3.71,140.8457779654902,14.56129084223089,0,-6.811912240600699
373,3.72,141.2170832964958,14.51205987789191,0,-6.842859429477206
374,3.73,141.5884076471609,14.46262401122464,0,-6.873803232899371
375,3.74,141.9597515059559,14.41298314857672,0,-6.904743437226632
376,3.75,142.3311153607908,14.363137196825,0,-6.935679828838658
377,3.76,142.7024996990114,14.31308606337815,0,-6.966612194138635
378,3.77,143.073905007396,14.26282965617932,0,-6.997540319556572
379,3.78,143.4453317721509,14.21236788370884,0,-7.028463991552599
380,3.79,143.8167804789071,14.16170065498683,0,-7.059382996620287
381,3.8,144.1882516127164,14.11082787957595,0,-7.090297121289962
382,3.81,144.5597456580476,14.05974946758409,0,-7.121206152132036
383,3.82,144.9312630987826,14.00846532966706,0,-7.152109875760337
384,3.83,145.302804418213,13.95697537703137,0,-7.183008078835454
385,3.84,145.674370099036,13.90527952143695,0,-7.213900548068068
386,3.85,146.045960623351,13.85337767519993,0,-7.244787070222322
387,3.86,146.4175764726556,13.80126975119539,0,-7.275667432119163
388,3.87,146.789218127842,13.74895566286015,0,-7.306541420639711
389,3.88,147.1608860691933,13.69643532419562,0,-7.337408822728626
390,3.89,147.5325807763798,13.64370864977053,0,-7.368269425397482
391,3.9,147.9043027284555,13.59077555472384,0,-7.399123015728145
392,3.91,148.276052403854,13.53763595476752,0,-7.429969380876153
393,3.92,148.6478302803851,13.48428976618943,0,-7.460808308074112
394,3.93,149.0196368352314,13.43073690585617,0,-7.491639584635079
395,3.94,149.3914725449441,13.37697729121598,0,-7.522462997955969
396,3.95,149.7633378854399,13.3230108403016,0,-7.553278335520947
397,3.96,150.1352333319969,13.26883747173318,0,-7.58408538490484
398,3.97,150.5071593592515,13.21445710472119,0,-7.614883933776547
399,3.98,150.8791164411943,13.15986965906934,0,-7.64567376990245
400,3.99,151.2511050511669,13.10507505517753,0,-7.676454681149828
401,4,151.623125661858,13.05007321404477,0,-7.707226455490287
402,4.01,151.9951787453003,12.99486405727216,0,-7.737988881003171
403,4.02,152.3672647728663,12.93944750706583,0,-7.768741745879004
404,4.03,152.7393842152654,12.88382348623993,0,-7.799484838422906
405,4.04,153.1115375425397,12.82799191821964,0,-7.830217947058037
406,4.05,153.4837252240613,12.77195272704412,0,-7.860940860329023
407,4.06,153.8559477285279,12.71570583736956,0,-7.891653366905403
408,4.07,154.22820552396,12.65925117447217,0,-7.922355255585061
409,4.08,154.6004990776971,12.60258866425121,0,-7.953046315297674
410,4.09,154.9728288563942,12.54571823323205,0,-7.983726335108155
411,4.1,155.3451953260184,12.4886398085692,0,-8.014395104220103
412,4.11,155.7175989518456,12.43135331804934,0,-8.045052411979244
413,4.12,156.0900401984567,12.37385869009442,0,-8.07569804787688
414,4.13,156.4625195297345,12.31615585376472,0,-8.106331801553354
415,4.14,156.8350374088602,12.25824473876193,0,-8.136953462801486
416,4.15,157.2075942983099,12.20012527543224,0,-8.16756282157003
417,4.16,157.5801906598513,12.14179739476943,0,-8.198159667967136
418,4.17,157.9528269545402,12.08326102841798,0,-8.228743792263796
419,4.18,158.3255036427175,12.0245161086762,0,-8.259314984897298
420,4.19,158.6982211840052,11.96556256849932,0,-8.289873036474694
421,4.2,159.0709800373037,11.90640034150265,0,-8.320417737776239
422,4.21,159.4437806607882,11.84702936196467,0,-8.350948879758864
423,4.22,159.8166235119052,11.78744956483024,0,-8.381466253559616
424,4.23,160.1895090473696,11.72766088571368,0,-8.411969650499122
425,4.24,160.5624377231611,11.66766326090198,0,-8.442458862085045
426,4.25,160.9354099945209,11.60745662735793,0,-8.472933680015533
427,4.26,161.3084263159489,11.5470409227233,0,-8.503393896182676
428,4.27,161.6814871411997,11.48641608532201,0,-8.533839302675958
429,4.28,162.0545929232802,11.42558205416334,0,-8.564269691785709
430,4.29,162.4277441144456,11.36453876894504,0,-8.594684856006555
431,4.3,162.8009411661967,11.30328617005664,0,-8.625084588040865
432,4.31,163.1741845292766,11.24182419858252,0,-8.655468680802203
433,4.32,163.5474746536674,11.18015279630523,0,-8.685836927418768
434,4.33,163.920811988587,11.11827190570859,0,-8.716189121236843
435,4.34,164.2941969824863,11.05618146998099,0,-8.746525055824229
436,4.350000000000001,164.6676300830457,10.99388143301857,0,-8.776844524973693
437,4.36,165.0411117371719,10.93137173942841,0,-8.807147322706401
438,4.37,165.4146423909952,10.86865233453183,0,-8.837433243275353
439,4.38,165.7882224898662,10.80572316436755,0,-8.86770208116881
440,4.39,166.1618524783526,10.74258417569497,0,-8.897953631113733
441,4.4,166.5355328002361,10.67923531599735,0,-8.928187688079198
442,4.41,166.9092638985098,10.61567653348513,0,-8.958404047279828
443,4.42,167.2830462153746,10.55190777709911,0,-8.988602504179202
444,4.43,167.6568801922363,10.48792899651372,0,-9.018782854493281
445,4.44,168.0307662697032,10.42374014214025,0,-9.048944894193816
446,4.45,168.4047048875819,10.35934116513014,0,-9.079088419511754
447,4.46,168.7786964848758,10.29473201737819,0,-9.109213226940639
448,4.47,169.1527414997806,10.22991265152585,0,-9.139319113240028
449,4.48,169.5268403696828,10.16488302096447,0,-9.169405875438867
450,4.49,169.9009935311555,10.09964307983853,0,-9.199473310838899
451,4.5,170.2752014199565,10.03419278304894,0,-9.229521217018036
452,4.51,170.6494644710247,9.968532086256287,0,-9.259549391833753
453,4.52,171.0237831184776,9.902660945884092,0,-9.289557633426456
454,4.53,171.3981577956082,9.836579319122086,0,-9.319545740222864
455,4.54,171.7725889348823,9.770287163929469,0,-9.349513510939364
456,4.55,172.1470769679355,9.703784439038175,0,-9.379460744585378
457,4.56,172.5216223255705,9.637071103956144,0,-9.409387240466724
458,4.57,172.8962254377544,9.57014711897058,0,-9.43929279818896
459,4.58,173.2708867336155,9.503012445151223,0,-9.469177217660723
460,4.59,173.645606641441,9.435667044353613,0,-9.499040299097082
461,4.600000000000001,174.0203855886739,9.368110879222353,0,-9.528881843022855
462,4.61,174.3952240019103,9.300343913194379,0,-9.558701650275941
463,4.62,174.7701223068969,9.232366110502214,0,-9.588499522010643
464,4.63,175.145080928528,9.164177436177244,0,-9.618275259700974
465,4.64,175.5201002908429,9.095777856052964,0,-9.648028665143965
466,4.65,175.8951808170234,9.027167336768246,0,-9.677759540462965
467,4.66,176.2703229293906,8.958345845770596,0,-9.707467688110931
468,4.67,176.6455270494029,8.889313351319412,0,-9.737152910873718
469,4.68,177.0207935976531,8.820069822489232,0,-9.766815011873346
470,4.69,177.3961229938656,8.750615229172988,0,-9.796453794571276
471,4.7,177.7715156568939,8.680949542085255,0,-9.826069062771674
472,4.71,178.1469720047183,8.611072732765495,0,-9.855660620624661
473,4.72,178.5224924544428,8.5409847735813,0,-9.885228272629561
474,4.73,178.8980774222931,8.470685637731636,0,-9.914771823638134
475,4.74,179.2737273236137,8.400175299250071,0,-9.944291078857812
476,4.75,179.6494425728653,8.329453733008014,0,-9.973785843854923
477,4.76,180.0252235836228,8.258520914717941,0,-10.00325592455789
478,4.77,180.4010707685723,8.187376820936622,0,-10.03270112726045
479,4.78,180.7769845395087,8.116021429068336,0,-10.06212125862485
480,4.79,181.1529653073337,8.044454717368094,0,-10.091516125685
481,4.8,181.5290134820528,7.972676664944843,0,-10.12088553584971
482,4.81,181.9051294727731,7.900687251764677,0,-10.15022929690579
483,4.82,182.2813136877009,7.828486458654037,0,-10.17954721702127
484,4.83,182.6575665341395,7.756074267302907,0,-10.20883910474851
485,4.84,183.0338884184864,7.683450660268002,0,-10.23810476902734
486,4.850000000000001,183.4102797462313,7.610615620975955,0,-10.26734401918821
487,4.86,183.7867409219538,7.537569133726499,0,-10.2965566649553
488,4.87,184.1632723493207,7.464311183695632,0,-10.3257425164496
489,4.88,184.5398744310842,7.390841756938788,0,-10.35490138419207
490,4.89,184.9165475690791,7.317160840393997,0,-10.38403307910668
491,4.9,185.293292164221,7.243268421885038,0,-10.41313741252348
492,4.91,185.6701086165039,7.169164490124579,0,-10.44221419618173
493,4.92,186.0469973249976,7.094849034717328,0,-10.47126324223288
494,4.93,186.4239586878461,7.02032204616315,0,-10.50028436324365
495,4.94,186.8009931022651,6.945583515860203,0,-10.52927737219909
496,4.95,187.1781009645396,6.870633436108047,0,-10.55824208250554
497,4.96,187.5552826700222,6.795471800110756,0,-10.58717830799371
498,4.97,187.9325386131306,6.720098601980016,0,-10.61608586292163
499,4.98,188.3098691873457,6.644513836738215,0,-10.64496456197764
500,4.99,188.6872747852093,6.568717500321529,0,-10.67381422028343
501,5,189.0647557983221,6.492709589582998,0,-10.70263465339691
502,5.01,189.4423126173417,6.416490102295585,0,-10.73142567731524
503,5.02,189.8199456319805,6.340059037155235,0,-10.76018710847771
504,5.03,190.1976552310034,6.263416393783922,0,-10.78891876376874
505,5.04,190.5754418022263,6.186562172732688,0,-10.81762046052071
506,5.05,190.9533057325136,6.109496375484667,0,-10.84629201651694
507,5.06,191.3312474077765,6.0322190044581,0,-10.87493324999455
508,5.07,191.7092672129711,5.954730063009349,0,-10.9035439796473
509,5.08,192.087365532096,5.877029555435888,0,-10.93212402462853
510,5.09,192.465542748191,5.799117486979288,0,-10.96067320455396
511,5.100000000000001,192.8437992433347,5.720993863828198,0,-10.98919133950453
512,5.11,193.2221353986427,5.642658693121303,0,-11.01767825002927
513,5.12,193.6005515942659,5.564111982950281,0,-11.04613375714803
514,5.13,193.9790482093885,5.485353742362741,0,-11.07455768235438
515,5.14,194.3576256222262,5.406383981365156,0,-11.10294984761831
516,5.15,194.7362842100243,5.327202710925779,0,-11.13131007538905
517,5.16,195.1150243490562,5.247809942977552,0,-11.1596381885978
518,5.17,195.4938464146209,5.168205690420996,0,-11.18793401066051
519,5.18,195.8727507810422,5.088389967127096,0,-11.21619736548055
520,5.19,196.2517378216662,5.008362787940166,0,-11.2444280774515
521,5.2,196.6308079088597,4.92812416868071,0,-11.27262597145977
522,5.21,197.0099614140089,4.847674126148261,0,-11.30079087288736
523,5.22,197.3891987075171,4.767012678124215,0,-11.32892260761449
524,5.23,197.7685201588035,4.686139843374644,0,-11.35702100202225
525,5.24,198.1479261363012,4.605055641653101,0,-11.38508588299528
526,5.25,198.527417007456,4.523760093703413,0,-11.41311707792438
527,5.26,198.9069931387241,4.44225322126245,0,-11.44111441470909
528,5.27,199.2866548955713,4.36053504706289,0,-11.46907772176035
529,5.28,199.6664026424705,4.278605594835968,0,-11.49700682800303
530,5.29,200.046236742901,4.196464889314204,0,-11.52490156287852
531,5.3,200.4261575593464,4.114112956234129,0,-11.55276175634727
532,5.31,200.8061654532932,4.031549822338977,0,-11.58058723889136
533,5.32,201.1862607852294,3.948775515381386,0,-11.60837784151697
534,5.33,201.5664439146429,3.865790064126061,0,-11.63613339575691
535,5.34,201.9467152000198,3.782593498352438,0,-11.66385373367312
536,5.350000000000001,202.3270749988435,3.699185848857323,0,-11.69153868785913
537,5.36,202.7075236675927,3.615567147457519,0,-11.7191880914425
538,5.37,203.0880615617401,3.531737426992438,0,-11.74680177808732
539,5.38,203.4686890357514,3.447696721326696,0,-11.77437958199655
540,5.39,203.8494064430832,3.363445065352686,0,-11.8019213379145
541,5.4,204.2302141361822,3.278982494993146,0,-11.82942688112919
542,5.41,204.6111124664838,3.194309047203702,0,-11.85689604747473
543,5.42,204.9921017844103,3.109424759975395,0,-11.88432867333368
544,5.43,205.3731824393701,3.024329672337194,0,-11.91172459563939
545,5.44,205.754354779756,2.939023824358489,0,-11.93908365187833
546,5.45,206.1356191529444,2.853507257151569,0,-11.96640568009242
547,5.46,206.5169759052935,2.767780012874081,0,-11.99369051888126
548,5.47,206.8984253821424,2.681842134731474,0,-12.02093800740449
549,5.48,207.2799679278098,2.595693666979416,0,-12.04814798538396
550,5.49,207.6616038855925,2.50933465492621,0,-12.07532029310605
551,5.5,208.0433335977647,2.422765144935175,0,-12.10245477142383
552,5.51,208.4251574055766,2.335985184427017,0,-12.12955126175932
553,5.52,208.807075649253,2.248994821882182,0,-12.15660960610564
554,5.53,209.1890886679926,2.161794106843185,0,-12.18362964702919
555,5.54,209.5711967999665,2.074383089916927,0,-12.21061122767182
556,5.55,209.9534003823174,1.986761822776989,0,-12.23755419175295
557,5.56,210.3356997511582,1.898930358165906,0,-12.2644583835717
558,5.57,210.7180952415711,1.810888749897426,0,-12.29132364800898
559,5.58,211.1005871876067,1.722637052858744,0,-12.31814983052957
560,5.59,211.4831759222826,1.63417532301272,0,-12.3449367771842
561,5.600000000000001,211.8658617775828,1.54550361740008,0,-12.3716843346116
562,5.61,212.2486450844563,1.45662199414159,0,-12.39839235004051
563,5.62,212.6315261728165,1.367530512440215,0,-12.42506067129169
564,5.63,213.0145053715398,1.278229232583256,0,-12.45168914677993
565,5.64,213.3975830084651,1.188718215944468,0,-12.47827762551604
566,5.65,213.7807594103926,1.098997524986156,0,-12.50482595710874
567,5.66,214.1640349030829,1.009067223261251,0,-12.53133399176668
568,5.67,214.5474098112562,0.9189273754153658,0,-12.55780158030029
569,5.68,214.9308844585915,0.82857804718883,0,-12.58422857412373
570,5.69,215.3144591677255,0.7380193054187014,0,-12.61061482525675
571,5.7,215.6981342602518,0.6472512180407604,0,-12.63696018632655
572,5.71,216.0819100567205,0.5562738540914788,0,-12.66326451056963
573,5.72,216.4657868766366,0.46508728370997,0,-12.68952765183364
574,5.73,216.84976503846,0.3736915781399174,0,-12.71574946457913
575,5.74,217.2338448596043,0.2820868097314792,0,-12.74192980388141
576,5.75,217.6180266564362,0.1902730519431727,0,-12.76806852543225
577,5.76,218.0023107442746,0.0982503793437372,0,-12.79416548554169
578,5.77,218.3866974373899,0.006018867613972842,0,-12.82022054113973
