1,0,0,10,0,8.710593137499643
2,0.01,0.5,10.05,0,8.710593137499643
3,0.02,0.999281665196399,10.10290026563685,0,8.707543640229643
4,0.03,1.497892859662497,10.15828409041021,0,8.701909866922396
5,0.04,1.995876519849672,10.21578988932833,0,8.694095005141303
6,0.05,2.493270923522616,10.27510385922383,0,8.684448390498979
7,0.06,2.990109539046194,10.33595359407112,0,8.673272583115068
8,0.07000000000000001,3.486422031261347,10.39810269951363,0,8.660829494926858
9,0.08,3.982234683978159,10.46134608115523,0,8.647345701266701
10,0.09,4.477570735163527,10.52550585315525,0,8.633017052660458
11,0.1,4.972450693799322,10.59042778833095,0,8.6180126818911
12,0.11,5.466892634689672,10.65597823562118,0,8.602478487486639
13,0.12,5.960912461533562,10.72204144064521,0,8.586540163269202
14,0.13,6.454524014625498,10.78851719827657,0,8.570305833989659
15,0.14,6.947739388133019,10.85531883965507,0,8.553868348628239
16,0.15,7.440569214989464,10.92237148245409,0,8.537307276046537
17,0.16,7.933022841128877,10.98961049795365,0,8.520690642126269
18,0.17,8.425108480796485,11.05698017682457,0,8.50407644206172
19,0.18,8.916833354482023,11.12443256768481,0,8.487513956999308
20,0.19,9.408203811045492,11.19192646592575,0,8.471044900393364
21,0.2,9.899225435570111,11.25942653327286,0,8.454704416134051
22,0.21,10.38990314440575,11.32690253111098,0,8.43852194762953
23,0.22,10.88024126877266,11.39432865282657,0,8.42252199452976
24,0.23,11.37024362819034,11.46168294234518,0,8.406724771611914
25,0.24,11.85991359488698,11.52894678771399,0,8.391146782463805
26,0.25,12.34925415023618,11.59610448003018,0,8.375801318963857
27,0.26,12.83826793416308,11.66314282927618,0,8.360698896131833
28,0.27,13.32695728836256,11.73005082971822,0,8.345847630685448
29,0.28,13.81532429408079,11.79681936847657,0,8.331253570560003
30,0.29,14.30337080512653,11.86344097170379,0,8.316920981710123
31,0.3,14.79109847670213,11.92990958352707,0,8.302852597696397
32,0.31,15.27850879057483,11.99622037353721,0,8.289049836849218
33,0.32,15.76560307704683,12.06236956915147,0,8.275512991183721
34,0.33,16.25238253412711,12.12835430965181,0,8.262241390701417
35,0.34,16.73884824425891,12.19417251911234,0,8.249233546245469
36,0.35,17.2250011889127,12.25982279578931,0,8.236487273668549
37,0.36,17.71084226131642,12.32530431585926,0,8.22399980171696
38,0.37,18.19637227756027,12.39061674966328,0,8.211767865725379
39,0.38,18.68159198628388,12.45576018885226,0,8.199787788947152
40,0.39,19.16650207712703,12.52073508303431,0,8.188055553110472
41,0.4,19.65110318810236,12.58554218470535,0,8.176566859586412
42,0.41,20.13539591202828,12.65018250140031,0,8.1653171823768
43,0.42,20.6193808021425,12.71465725413877,0,8.15430181397481
44,0.43,21.10305837700139,12.77896784135755,0,8.143515905016088
45,0.44,21.58642912475676,12.8431158076265,0,8.132954498520515
46,0.45,22.06949350689003,12.90710281653356,0,8.122612559422095
47,0.46,22.55225196147325,12.97093062720407,0,8.112484999995134
48,0.47,23.03470490601784,13.03460107398758,0,8.102566701706937
49,0.48,23.5168527399638,13.09811604890524,0,8.09285253395934
50,0.49,23.99869584685541,13.16147748650274,0,8.083337370122219
51,0.5,24.48023459624372,13.22468735079931,0,8.074016101210573
52,0.51,24.96146934535066,13.28774762406269,0,8.064883647511657
53,0.52,25.44240044052529,13.35066029717453,0,8.055934968429581
54,0.53,25.92302821851878,13.41342736138078,0,8.047165070780483
55,0.54,26.40335300760118,13.47605080124776,0,8.038569015741563
56,0.55,26.88337512854016,13.5385325886676,0,8.030141924631332
57,0.5600000000000001,27.36309489545944,13.60087467777658,0,8.021878983675643
58,0.5700000000000001,27.8425126165919,13.6630790006674,0,8.013775447894352
59,0.58,28.32162859494114,13.72514746379144,0,8.005826644226172
60,0.59,28.80044312886267,13.7870819449606,0,7.998027973994214
61,0.6,29.27895651257537,13.84888429086952,0,7.990374914801571
62,0.61,29.75716903661157,13.91055631506931,0,7.982863021934887
63,0.62,30.23508098821384,13.97209979633271,0,7.975487929343756
64,0.63,30.71269265168507,14.03351647735809,0,7.968245350255175
65,0.64,31.19000430869766,14.09480806376664,0,7.96113107747457
66,0.65,31.66701623856706,14.15597622335284,0,7.954140983418334
67,0.66,32.14372871849402,14.21702258555336,0,7.947271019916972
68,0.67,32.62014202377953,14.27794874110415,0,7.940517217822904
69,0.68,33.09625642801581,14.3387562418591,0,7.933875686452572
70,0.6900000000000001,33.57207220325628,14.39944660074753,0,7.927342612888612
71,0.7000000000000001,34.04758962016723,14.46002129185009,0,7.920914261164517
72,0.71,34.52280894816331,14.52048175057585,0,7.914586971351254
73,0.72,34.99773045552889,14.58082937392518,0,7.90835715856277
74,0.73,35.47235440952703,14.64106552082535,0,7.902221311895036
75,0.74,35.94668107649752,14.70119151252707,0,7.896175993311393
76,0.75,36.42071072194538,14.76120863305224,0,7.890217836485183
77,0.76,36.89444361062084,14.82111812968395,0,7.884343545609243
78,0.77,37.36788000659202,14.88092121349137,0,7.878549894180471
79,0.78,37.84102017331096,14.9406190598828,0,7.872833723766592
80,0.79,38.31386437367391,15.00021280918134,0,7.867191942761273
81,0.8,38.78641287007656,15.05970356721814,0,7.861621525132791
82,0.8100000000000001,39.25866592446472,15.11909240593906,0,7.856119509170853
83,0.8200000000000001,39.73062379838103,15.17838036402104,0,7.850682996235362
84,0.8300000000000001,40.20228675300812,15.23756844749497,0,7.845309149510474
85,0.84,40.67365504920863,15.2966576303724,0,7.839995192766708
86,0.85,41.14472894756247,15.3556488552737,0,7.834738409133522
87,0.86,41.61550870840155,15.41454303405568,0,7.829536139884303
88,0.87,42.08599459184229,15.47334104843699,0,7.824385783235468
89,0.88,42.55618685781617,15.53204375061976,0,7.819284793161054
90,0.89,43.02608576609851,15.59065196390638,0,7.814230678223926
91,0.9,43.4956915763356,15.64916648331021,0,7.809221000424541
92,0.91,43.96500454807043,15.70758807615953,0,7.804253374067988
93,0.92,44.43402494076708,15.76591748269388,0,7.799325464649906
94,0.93,44.90275301383404,15.82415541665215,0,7.794434987761689
95,0.9400000000000001,45.37118902664632,15.88230256585219,0,7.789579708015331
96,0.9500000000000001,45.83933323856665,15.94035959276115,0,7.784757437988096
97,0.96,46.30718590896585,15.99832713505664,0,7.77996603718717
98,0.97,46.77474729724228,16.05620580617821,0,7.77520341103431
99,0.98,47.24201766284063,16.11399619586904,0,7.770467509870516
100,0.99,47.70899726526999,16.17169887070778,0,7.765756327980623
101,1,48.17568636412125,16.22931437463041,0,7.761067902637705
102,1.01,48.64208521908402,16.2868432294421,0,7.756400313167148
103,1.02,49.10819408996286,16.34428593531905,0,7.751751680030173
104,1.03,49.57401323669308,16.40164297130034,0,7.747120163926615
105,1.04,50.03954291935607,16.45891479576994,0,7.74250396491669
106,1.05,50.50478339819415,16.51610184692873,0,7.737901321561505
107,1.06,50.96973493362501,16.57320454325689,0,7.733310510082022
108,1.07,51.43439778625573,16.63022328396656,0,7.728729843536186
109,1.08,51.89877221689648,16.68715844944503,0,7.724157671013909
110,1.09,52.36285848657375,16.74401040168841,0,7.719592376849618
111,1.1,52.82665685654339,16.80077948472618,0,7.715032379852026
112,1.11,53.29016758830319,16.85746602503653,0,7.71047613255083
113,1.12,53.75339094360522,16.91407033195269,0,7.705922120459986
114,1.13,54.21632718446785,16.97059269806054,0,7.701368861357278
115,1.14,54.67897657318749,17.02703339958749,0,7.696814904579818
116,1.15,55.14133937235005,17.08339269678288,0,7.692258830335171
117,1.16,55.60341584484215,17.13967083429,0,7.687699249027798
118,1.17,56.06520625386204,17.19586804150997,0,7.683134800600473
119,1.18,56.52671086293033,17.25198453295759,0,7.678564153890378
120,1.19,56.9879299359004,17.30802050860929,0,7.673986005999557
121,1.2,57.44886373696865,17.36397615424344,0,7.669399081679425
122,1.21,57.90951253068454,17.4198516417731,0,7.664802132729021
123,1.22,58.36987658196031,17.4756471295713,0,7.660193937406714
124,1.23,58.82995615608056,17.53136276278926,0,7.655573299855075
125,1.24,59.2897515187117,17.58699867366737,0,7.6509390495386
126,1.25,59.74926293591099,17.64255498183936,0,7.646290040694026
127,1.26,60.20849067413563,17.69803179462965,0,7.641625151792947
128,1.27,60.66743500025148,17.75342920734405,0,7.636943285016471
129,1.28,61.12609618154166,17.80874730355407,0,7.632243365741617
130,1.29,61.58447448571501,17.8639861553748,0,7.627524342039238
131,1.3,62.0425701809143,17.91914582373662,0,7.622785184183159
132,1.31,62.50038353572429,17.97422635865088,0,7.61802488417032
133,1.32,62.95791481917969,18.02922779946964,0,7.613242455251656
134,1.33,63.41516430077286,18.0841501751396,0,7.608436931473467
135,1.34,63.87213225046138,18.13899350445034,0,7.603607367229061
136,1.35,64.32881893867554,18.19375779627715,0,7.598752836820413
137,1.36,64.78522463632552,18.24844304981827,0,7.593872434029644
138,1.37,65.24134961480861,18.30304925482697,0,7.588965271700059
139,1.38,65.69719414601613,18.35757639183842,0,7.584030481326562
140,1.39,66.15275850234025,18.4120244323915,0,7.579067212655223
141,1.4,66.60804295668075,18.46639333924564,0,7.574074633291779
142,1.41,67.06304778245153,18.5206830665929,0,7.569051928318877
143,1.42,67.51777325358705,18.57489356026528,0,7.563998299921864
144,1.43,67.97221964454863,18.6290247579374,0,7.55891296702293
145,1.44,68.42638723033059,18.68307658932473,0,7.553795164923391
146,1.45,68.88027628646634,18.73704897637739,0,7.548644144953961
147,1.46,69.33388708903423,18.79094183346956,0,7.543459174132819
148,1.47,69.78721991466344,18.84475506758485,0,7.538239534831275
149,1.48,70.24027504053954,18.89848857849737,0,7.532984524446895
150,1.49,70.69305274441017,18.95214225894891,0,7.527693455083894
151,1.5,71.14555330459041,19.00571599482213,0,7.522365653240637
152,1.51,71.59777699996816,19.0592096653099,0,7.517000459504092
153,1.52,72.04972411000939,19.11262314308096,0,7.511597228251064
154,1.53,72.50139491476321,19.16595629444176,0,7.506155327356086
155,1.54,72.95278969486692,19.21920897949489,0,7.500674137905773
156,1.55,73.40390873155096,19.27238105229386,0,7.49515305391953
157,1.56,73.85475230664366,19.32547236099455,0,7.489591482076454
158,1.57,74.30532070257605,19.37848274800322,0,7.483988841448286
159,1.58,74.75561420238643,19.43141205012133,0,7.478344563238295
160,1.59,75.20563308972487,19.48426009868712,0,7.472658090525934
161,1.6,75.65537764885775,19.53702671971401,0,7.466928878017158
162,1.61,76.10484816467203,19.58971173402608,0,7.461156391800269
163,1.62,76.55404492267954,19.64231495739039,0,7.455340109107161
164,1.63,77.00296820902113,19.69483620064649,0,7.449479518079849
165,1.64,77.45161831047082,19.74727526983305,0,7.443574117542156
166,1.65,77.89999551443974,19.79963196631168,0,7.437623416776452
167,1.66,78.34810010898009,19.85190608688803,0,7.431626935305313
168,1.67,78.79593238278899,19.90409742393021,0,7.425584202678015
169,1.68,79.24349262521223,19.9562057654846,0,7.41949475826173
170,1.69,79.69078112624796,20.00823089538915,0,7.413358151037337
171,1.7,80.13779817655032,20.06017259338413,0,7.407173939399723
172,1.71,80.58454406743297,20.11203063522047,0,7.400941690962501
173,1.72,81.03101909087256,20.1638047927657,0,7.394660982367027
174,1.73,81.47722353951214,20.2154948341076,0,7.388331399095613
175,1.74,81.92315770666445,20.26710052365551,0,7.381952535288868
176,1.75,82.36882188631526,20.31862162223946,0,7.375523993567044
177,1.76,82.81421637312647,20.37005788720713,0,7.369045384855331
178,1.77,83.25934146243928,20.4214090725186,0,7.362516328212972
179,1.78,83.70419745027728,20.47267492883914,0,7.355936450666155
180,1.79,84.14878463334939,20.52385520362984,0,7.349305387044563
181,1.8,84.59310330905288,20.57494964123638,0,7.34262277982152
182,1.81,85.03715377547614,20.6259579829757,0,7.335888278957647
183,1.82,85.48093633140161,20.67687996722091,0,7.329101541747952
184,1.83,85.92445127630846,20.72771532948428,0,7.322262232672268
185,1.84,86.36769891037534,20.77846380249836,0,7.315370023248977
186,1.85,86.81067953448299,20.82912511629541,0,7.308424591891947
187,1.86,87.25339345021686,20.87969899828506,0,7.301425623770593
188,1.87,87.69584095986966,20.93018517333021,0,7.294372810673007
189,1.88,88.13802236644378,20.98058336382137,0,7.287265850872097
190,1.89,88.57993797365381,21.03089328974928,0,7.280104448994642
191,1.9,89.02158808592887,21.081114668776,0,7.272888315893224
192,1.91,89.46297300841493,21.13124721630441,0,7.265617168520958
193,1.92,89.90409304697717,21.18129064554618,0,7.258290729808965
194,1.93,90.34494850820208,21.23124466758832,0,7.250908728546521
195,1.94,90.78553969939981,21.28110899145819,0,7.243470899263829
196,1.95,91.22586692860618,21.33088332418712,0,7.235976982117355
197,1.96,91.66593050458485,21.38056737087264,0,7.228426722777663
198,1.97,92.10573073682934,21.43016083473937,0,7.220819872319705
199,1.98,92.54526793556506,21.47966341719854,0,7.213156187115509
200,1.99,92.98454241175126,21.52907481790623,0,7.205435428729198
201,2,93.42355447708294,21.57839473482031,0,7.197657363814324
202,2.01,93.86230444399277,21.62762286425619,0,7.18982176401341
203,2.02,94.30079262565289,21.67675890094127,0,7.181928405859711
204,2.03,94.73901933597672,21.72580253806829,0,7.173977070681103
205,2.04,95.17698488962077,21.77475346734743,0,7.165967544506076
206,2.05,95.61468960198629,21.82361137905732,0,7.157899617971762
207,2.06,96.05213378922099,21.87237596209492,0,7.149773086233988
208,2.07,96.48931776822072,21.9210469040243,0,7.14158774887927
209,2.08,96.92624185663102,21.96962389112437,0,7.133343409838739
210,2.09,97.36290637284876,22.01810660843556,0,7.125039877303927
211,2.1,97.79931163602359,22.06649473980545,0,7.116676963644396
212,2.11,98.23545796605957,22.11478796793347,0,7.108254485327168
213,2.12,98.67134568361654,22.1629859744145,0,7.099772262837887
214,2.13,99.10697511011162,22.21108843978169,0,7.091230120603718
215,2.14,99.54234656772059,22.25909504354815,0,7.082627886917908
216,2.15,99.97746037937925,22.30700546424789,0,7.073965393866001
217,2.16,100.4123168687848,22.35481937947574,0,7.065242477253653
218,2.17,100.8469163603972,22.40253646592646,0,7.05645897653601
219,2.18,101.2812591794403,22.45015639943302,0,7.047614734748633
220,2.19,101.7153456519032,22.49767885500392,0,7.038709598439922
221,2.2,102.1491761045414,22.54510350685986,0,7.029743417605003
222,2.21,102.5827508648782,22.59243002846942,0,7.020716045621059
223,2.22,103.0160702612057,22.63965809258412,0,7.011627339184065
224,2.23,103.4491346225857,22.68678737127261,0,7.002477158246895
225,2.24,103.8819442788513,22.73381753595415,0,6.993265365958781
226,2.25,104.3144995606078,22.78074825743131,0,6.983991828606082
227,2.26,104.7468007992334,22.82757920592202,0,6.974656415554339
228,2.27,105.1788483268809,22.87431005109085,0,6.965258999191597
229,2.28,105.6106424764779,22.92094046207963,0,6.955799454872952
230,2.29,106.0421835817287,22.9674701075374,0,6.9462776608663
231,2.3,106.4734719771144,23.01389865564967,0,6.936693498299276
232,2.31,106.9045079978943,23.06022577416704,0,6.927046851107336
233,2.32,107.3352919801068,23.10645113043327,0,6.917337605982977
234,2.33,107.76582426057,23.15257439141256,0,6.907565652326039
235,2.34,108.196105176883,23.19859522371641,0,6.897730882195121
236,2.35,108.6261350674262,23.24451329362972,0,6.88783319026002
237,2.36,109.0559142713627,23.29032826713646,0,6.877872473755226
238,2.37,109.4854431286384,23.33603980994467,0,6.867848632434415
239,2.38,109.9147219799835,23.38164758751092,0,6.857761568525938
240,2.39,110.3437511669126,23.42715126506426,0,6.847611186689275
241,2.4,110.7725310317261,23.47255050762962,0,6.837397393972434
242,2.41,111.2010619175102,23.51784498005067,0,6.827120099770281
243,2.42,111.629344168138,23.56303434701219,0,6.816779215783773
244,2.43,112.0573781282701,23.60811827306194,0,6.806374655980081
245,2.44,112.4851641433553,23.65309642263201,0,6.795906336553572
246,2.45,112.9127025596311,23.69796846005977,0,6.785374175887653
247,2.46,113.3399937241242,23.74273404960822,0,6.774778094517433
248,2.47,113.7670379846514,23.78739285548605,0,6.764118015093206
249,2.48,114.1938356898201,23.83194454186707,0,6.753393862344727
250,2.49,114.6203871890285,23.87638877290934,0,6.742605563046264
251,2.5,115.0466928324665,23.92072521277382,0,6.731753045982412
252,2.51,115.4727529711162,23.96495352564255,0,6.720836241914655
253,2.52,115.8985679567521,24.00907337573652,0,6.709855083548651
254,2.53,116.324138141942,24.05308442733305,0,6.698809505502239
255,2.54,116.7494638800468,24.0969863447828,0,6.687699444274135
256,2.55,117.1745455252219,24.1407787925264,0,6.676524838213317
257,2.56,117.5993834324168,24.1844614351107,0,6.665285627489072
258,2.57,118.0239779573757,24.22803393720464,0,6.653981754061706
259,2.58,118.4483294566382,24.27149596361476,0,6.642613161653888
260,2.59,118.8724382875393,24.31484717930036,0,6.631179795722617
261,2.6,119.2963048082102,24.35808724938831,0,6.619681603431811
262,2.61,119.7199293775779,24.40121583918748,0,6.60811853362549
263,2.62,120.1433123553665,24.44423261420292,0,6.596490536801544
264,2.63,120.5664541020967,24.48713724014961,0,6.584797565086083
265,2.64,120.9893549790863,24.52992938296598,0,6.573039572208339
266,2.65,121.412015348451,24.57260870882706,0,6.561216513476124
267,2.66,121.8344355731039,24.61517488415733,0,6.54932834575183
268,2.67,122.2566160167561,24.6576275756433,0,6.537375027428945
269,2.68,122.6785570439172,24.69996645024573,0,6.525356518409096
270,2.69,123.1002590198949,24.74219117521167,0,6.513272780079592
271,2.7,123.521722310796,24.78430141808606,0,6.501123775291451
272,2.71,123.9429472835257,24.82629684672323,0,6.488909468337934
273,2.72,124.3639343057885,24.86817712929797,0,6.476629824933525
274,2.73,124.7846837460882,24.90994193431645,0,6.464284812193397
275,2.74,125.2051959737277,24.95159093062681,0,6.451874398613311
276,2.75,125.6254713588095,24.99312378742951,0,6.439398554049975
277,2.76,126.0455102722358,25.03454017428747,0,6.426857249701831
278,2.77,126.4653130857084,25.07583976113589,0,6.414250458090258
279,2.78,126.8848801717291,25.11702221829189,0,6.401578153041208
280,2.79,127.3042119035994,25.15808721646392,0,6.388840309667234
281,2.8,127.7233086554209,25.19903442676087,0,6.376036904349927
282,2.81,128.1421708020953,25.23986352070104,0,6.363167914722733
283,2.82,128.5607987193244,25.28057417022081,0,6.350233319654157
284,2.83,128.9791927836099,25.32116604768317,0,6.337233099231345
285,2.84,129.3973533722539,25.36163882588597,0,6.324167234744023
286,2.85,129.8152808633585,25.40199217807,0,6.3110357086688
287,2.86,130.2329756358261,25.44222577792686,0,6.297838504653811
288,2.87,130.6504380693591,25.48233929960663,0,6.284575607503722
289,2.88,131.0676685444601,25.52233241772533,0,6.271247003165054
290,2.89,131.4846674424317,25.56220480737221,0,6.257852678711839
291,2.9,131.9014351453765,25.60195614411681,0,6.244392622331604
292,2.91,132.3179720361972,25.64158610401591,0,6.23086682331166
293,2.92,132.7342784985962,25.68109436362025,0,6.217275272025706
294,2.93,133.1503549170757,25.72048059998103,0,6.203617959920736
295,2.94,133.5662016769378,25.75974449065633,0,6.189894879504233
296,2.95,133.9818191642839,25.79888571371731,0,6.176106024331661
297,2.96,134.3972077660151,25.83790394775425,0,6.162251388994235
298,2.97,134.8123678698316,25.87679887188237,0,6.148330969106969
299,2.98,135.2272998642329,25.91557016574764,0,6.13434476129699
300,2.99,135.6420041385176,25.95421750953225,0,6.120292763192134
301,3,136.056481082783,25.99274058396006,0,6.106174973409778
302,3.01,136.4707310879251,26.03113907030184,0,6.091991391545942
303,3.02,136.8847545456384,26.06941265038036,0,6.07774201816464
304,3.03,137.2985518484158,26.10756100657539,0,6.063426854787468
305,3.04,137.7121233895482,26.14558382182846,0,6.049045903883433
306,3.05,138.1254695631242,26.18348077964756,0,6.03459916885902
307,3.06,138.5385907640302,26.22125156411172,0,6.020086654048476
308,3.07,138.9514873879499,26.25889585987535,0,6.005508364704332
309,3.08,139.3641598313641,26.29641335217255,0,5.990864306988139
310,3.09,139.7766084915505,26.33380372682126,0,5.976154487961409
311,3.1,140.1888337665835,26.37106667022727,0,5.961378915576782
312,3.11,140.6008360553333,26.40820186938811,0,5.946537598669386
313,3.12,141.0126157574667,26.44520901189684,0,5.931630546948405
314,3.13,141.4241732734458,26.48208778594567,0,5.916657770988839
315,3.14,141.8355090045281,26.51883788032956,0,5.901619282223463
316,3.15,142.2466233527662,26.55545898444958,0,5.886515092934972
317,3.16,142.6575167210073,26.59195078831624,0,5.871345216248303
318,3.17,143.0681895128932,26.62831298255271,0,5.856109666123154
319,3.18,143.4786421328592,26.66454525839791,0,5.840808457346666
320,3.19,143.8888749861347,26.70064730770945,0,5.825441605526286
321,3.2,144.2988884787419,26.73661882296658,0,5.810009127082794
322,3.21,144.7086830174962,26.77245949727291,0,5.794511039243504
323,3.22,145.1182590100051,26.80816902435915,0,5.778947360035621
324,3.23,145.5276168646682,26.84374709858561,0,5.76331810827976
325,3.24,145.9367569906769,26.87919341494479,0,5.747623303583618
326,3.25,146.3456797980135,26.91450766906366,0,5.731862966335803
327,3.26,146.7543856974511,26.94968955720605,0,5.716037117699813
328,3.27,147.162875100553,26.9847387762748,0,5.700145779608155
329,3.28,147.5711484196725,27.01965502381391,0,5.684188974756609
330,3.29,147.9792060679518,27.05443799801055,0,5.668166726598642
331,3.3,148.3870484593223,27.089087397697,0,5.652079059339942
332,3.31,148.7946760085036,27.12360292235254,0,5.635925997933102
333,3.32,149.2020891310031,27.1579842721052,0,5.619707568072426
334,3.33,149.6092882431155,27.19223114773347,0,5.603423796188869
335,3.34,150.0162737619225,27.22634325066791,0,5.587074709445095
336,3.35,150.4230461052917,27.26032028299268,0,5.570660335730675
337,3.36,150.8296056918766,27.29416194744701,0,5.554180703657383
338,3.37,151.2359529411158,27.32786794742661,0,5.53763584255463
339,3.38,151.6420882732326,27.36143798698495,0,5.521025782465005
340,3.39,152.048012109234,27.39487177083449,0,5.504350554139924
341,3.4,152.4537248709107,27.42816900434789,0,5.487610189035403
342,3.41,152.8592269808362,27.46132939355909,0,5.470804719307931
343,3.42,153.2645188623659,27.49435264516432,0,5.453934177810445
344,3.43,153.6696009396373,27.52723846652309,0,5.436998598088421
345,3.44,154.0744736375683,27.55998656565909,0,5.419998014376058
346,3.45,154.4791373818575,27.592596651261,0,5.402932461592563
347,3.46,154.883592598983,27.62506843268327,0,5.385801975338537
348,3.47,155.2878397162021,27.65740161994683,0,5.368606591892449
349,3.48,155.6918791615502,27.68959592373973,0,5.351346348207214
350,3.49,156.0957113638406,27.72165105541772,0,5.334021281906852
351,3.5,156.4993367526634,27.7535667270048,0,5.316631431283241
352,3.51,156.902755758385,27.78534265119366,0,5.299176835292964
353,3.52,157.3059688121475,27.81697854134608,0,5.281657533554224
354,3.53,157.7089763458677,27.84847411149335,0,5.264073566343863
355,3.54,158.1117787922365,27.8798290763365,0,5.246424974594452
356,3.55,158.5143765847183,27.91104315124656,0,5.228711799891461
357,3.56,158.9167701575501,27.94211605226481,0,5.210934084470512
358,3.57,159.3189599457407,27.97304749610284,0,5.193091871214706
359,3.58,159.7209463850699,28.00383720014269,0,5.175185203652024
360,3.59,160.1227299120881,28.03448488243689,0,5.157214125952808
361,3.6,160.524310964115,28.06499026170842,0,5.139178682927306
362,3.61,160.9256899792389,28.0953530573507,0,5.121078920023291
363,3.62,161.3268673963162,28.12557298942744,0,5.102914883323749
364,3.63,161.7278436549704,28.15564977867253,0,5.084686619544638
365,3.64,162.1286191955911,28.18558314648981,0,5.066394176032702
366,3.65,162.5291944593332,28.21537281495285,0,5.048037600763362
367,3.66,162.9295698881165,28.24501850680466,0,5.029616942338666
368,3.67,163.3297459246241,28.27451994545735,0,5.011132249985293
369,3.68,163.7297230123022,28.30387685499178,0,4.99258357355263
370,3.69,164.1295015953585,28.33308896015714,0,4.973970963510903
371,3.7,164.5290821187622,28.36215598637048,0,4.955294470949357
372,3.71,164.9284650282422,28.39107765971625,0,4.936554147574509
373,3.72,165.3276507702868,28.41985370694574,0,4.917750045708442
374,3.73,165.7266397921424,28.44848385547651,0,4.89888221828716
375,3.74,166.125432541813,28.47696783339181,0,4.879950718858996
376,3.75,166.5240294680585,28.50530536943988,0,4.860955601583067
377,3.76,166.9224310203947,28.53349619303332,0,4.841896921227785
378,3.77,167.3206376490914,28.56154003424833,0,4.822774733169412
379,3.78,167.718649805172,28.58943662382401,0,4.803589093390669
380,3.79,168.1164679404126,28.6171856931615,0,4.784340058479387
381,3.8,168.5140925073402,28.64478697432319,0,4.765027685627208
382,3.81,168.9115239592327,28.67224020003189,0,4.745652032628329
383,3.82,169.3087627501172,28.69954510366989,0,4.726213157878288
384,3.83,169.7058093347692,28.72670141927807,0,4.706711120372796
385,3.84,170.1026641687114,28.75370888155494,0,4.687145979706613
386,3.85,170.4993277082129,28.78056722585566,0,4.667517796072462
387,3.86,170.895800410288,28.807276188191,0,4.647826630259981
388,3.87,171.2920827326948,28.83383550522633,0,4.628072543654716
389,3.88,171.6881751339347,28.86024491428053,0,4.608255598237159
390,3.89,172.084078073251,28.88650415332487,0,4.588375856581808
391,3.9,172.4797920106275,28.91261296098191,0,4.568433381856281
392,3.91,172.875317406788,28.93857107652431,0,4.548428237820455
393,3.92,173.2706547231946,28.96437823987368,0,4.528360488825639
394,3.93,173.6658044220468,28.99003419159932,0,4.508230199813787
395,3.94,174.0607669662804,29.01553867291701,0,4.488037436316744
396,3.95,174.455542819566,29.04089142568776,0,4.467782264455515
397,3.96,174.8501324463083,29.06609219241646,0,4.447464750939578
398,3.97,175.2445363116445,29.09114071625065,0,4.427084963066217
399,3.98,175.6387548814434,29.11603674097908,0,4.406642968719893
400,3.99,176.0327886223039,29.14078001103044,0,4.386138836371643
401,4,176.4266380015538,29.16537027147192,0,4.365572635078502
402,4.01,176.820303487249,29.18980726800779,0,4.344944434482958
403,4.02,177.2137855481715,29.21409074697802,0,4.324254304812434
404,4.03,177.6070846538288,29.23822045535677,0,4.303502316878791
405,4.04,178.0002012744524,29.26219614075094,0,4.282688542077869
406,4.05,178.3931358809962,29.28601755139867,0,4.261813052389035
407,4.06,178.7858889451358,29.30968443616782,0,4.240875920374775
408,4.07,179.1784609392667,29.33319654455443,0,4.219877219180295
409,4.08,179.5708523365031,29.35655362668115,0,4.19881702253315
410,4.09,179.9630636106767,29.37975543329568,0,4.177695404742901
411,4.1,180.3550952363352,29.40280171576917,0,4.156512440700783
412,4.11,180.7469476887412,29.42569222609458,0,4.135268205879404
413,4.12,181.1386214438704,29.44842671688505,0,4.113962776332462
414,4.13,181.5301169784104,29.47100494137228,0,4.092596228694479
415,4.14,181.9214347697596,29.49342665340483,0,4.071168640180559
416,4.15,182.3125752960255,29.51569160744642,0,4.049680088586162
417,4.16,182.7035390360232,29.53779955857424,0,4.028130652286898
418,4.17,183.0943264692741,29.55975026247724,0,4.006520410238341
419,4.18,183.4849380760046,29.58154347545436,0,3.984849441975853
420,4.19,183.8753743371445,29.6031789544128,0,3.963117827614436
421,4.2,184.2656357343253,29.62465645686623,0,3.941325647848591
422,4.21,184.6557227498793,29.64597574093304,0,3.9194729839522
423,4.22,185.0456358668376,29.66713656533448,0,3.897559917778414
424,4.23,185.4353755689286,29.68813868939289,0,3.875586531759571
425,4.24,185.8249423405769,29.70898187302986,0,3.853552908907113
426,4.25,186.2143366669013,29.72966587676438,0,3.831459132811524
427,4.26,186.6035590337138,29.75019046171098,0,3.809305287642284
428,4.27,186.9926099275173,29.77055538957788,0,3.787091458147833
429,4.28,187.3814898355048,29.79076042266507,0,3.764817729655546
430,4.29,187.7701992455573,29.81080532386245,0,3.742484188071724
431,4.3,188.1587386462423,29.83068985664787,0,3.720090919881595
432,4.31,188.5471085268126,29.85041378508528,0,3.697638012149328
433,4.32,188.935309377204,29.86997687382274,0,3.675125552518052
434,4.33,189.3233416880342,29.88937888809049,0,3.652553629209897
435,4.34,189.7112059506011,29.908619593699,0,3.629922331026032
436,4.350000000000001,190.0989026568809,29.92769875703699,0,3.607231747346725
437,4.36,190.4864322995264,29.94661614506946,0,3.584481968131402
438,4.37,190.8737953718659,29.96537152533572,0,3.56167308391872
439,4.38,191.2609923679007,29.98396466594736,0,3.538805185826653
440,4.39,191.6480237823041,30.00239533558624,0,3.515878365552575
441,4.4,192.0348901104191,30.0206633035025,0,3.492892715373362
442,4.41,192.4215918482571,30.03876833951252,0,3.469848328145496
443,4.42,192.808129492496,30.05671021399686,0,3.446745297305176
444,4.43,193.1945035404782,30.07448869789827,0,3.423583716868439
445,4.44,193.5807144902094,30.09210356271956,0,3.400363681431283
446,4.45,193.9667628403562,30.10955458052161,0,3.3770852861698
447,4.46,194.3526490902448,30.12684152392125,0,3.353748626840318
448,4.47,194.7383737398587,30.14396416608919,0,3.330353799779534
449,4.48,195.1239372898374,30.16092228074797,0,3.306900901904673
450,4.49,195.5093402414741,30.17771564216982,0,3.283390030713634
451,4.5,195.8945830967143,30.19434402517457,0,3.25982128428515
452,4.51,196.2796663581533,30.21080720512758,0,3.236194761278952
453,4.52,196.6645905290351,30.22710495793758,0,3.212510560935931
454,4.53,197.04935611325,30.24323706005455,0,3.188768783078313
455,4.54,197.4339636153326,30.25920328846765,0,3.164969528109825
456,4.55,197.8184135404604,30.27500342070302,0,3.141112897015877
457,4.56,198.2027063944515,30.29063723482168,0,3.117198991363737
458,4.57,198.5868426837625,30.30610450941738,0,3.093227913302715
459,4.58,198.970822915487,30.32140502361444,0,3.069199765564343
460,4.59,199.3546475973533,30.33653855706561,0,3.045114651462566
461,4.600000000000001,199.7383172377226,30.35150488994993,0,3.020972674893921
462,4.61,200.1218323455867,30.36630380297051,0,2.996773940337737
463,4.62,200.5051934305664,30.38093507735243,0,2.972518552856311
464,4.63,200.8884010029091,30.39539849484052,0,2.948206618095111
465,4.64,201.2714555734872,30.4096938376972,0,2.923838242282958
466,4.65,201.6543576537954,30.42382088870033,0,2.899413532232222
467,4.66,202.0371077559493,30.43777943114099,0,2.874932595339014
468,4.67,202.4197063926828,30.45156924882129,0,2.850395539583376
469,4.68,202.8021540773464,30.46519012605224,0,2.825802473529473
470,4.69,203.1844513239049,30.47864184765148,0,2.801153506325782
471,4.7,203.5665986469351,30.49192419894117,0,2.776448747705284
472,4.71,203.9485965616242,30.50503696574573,0,2.75168830798565
473,4.72,204.3304455837669,30.51797993438965,0,2.726872298069434
474,4.73,204.712146229764,30.53075289169535,0,2.702000829444251
475,4.74,205.0936990166196,30.54335562498089,0,2.677074014182965
476,4.75,205.4751044619394,30.55578792205784,0,2.652091964943874
477,4.76,205.8563630839281,30.56804957122905,0,2.627054794970885
478,4.77,206.2374754013873,30.58014036128642,0,2.601962618093693
479,4.78,206.6184419337134,30.59206008150876,0,2.576815548727958
480,4.79,206.9992632008953,30.6038085216595,0,2.551613701875474
481,4.8,207.3799397235119,30.61538547198456,0,2.52635719312434
482,4.81,207.7604720227302,30.62679072321008,0,2.501046138649125
483,4.82,208.1408606203028,30.63802406654026,0,2.47568065521103
484,4.83,208.5211060385654,30.64908529365514,0,2.450260860158048
485,4.84,208.901208800435,30.65997419670838,0,2.424786871425118
486,4.850000000000001,209.281169429407,30.67069056832505,0,2.399258807534274
487,4.86,209.6609884495533,30.68123420159946,0,2.373676787594794
488,4.87,210.0406663855196,30.69160489009292,0,2.348040931303341
489,4.88,210.4202037625233,30.70180242783154,0,2.322351358944102
490,4.89,210.7996011063507,30.71182660930406,0,2.296608191388917
491,4.9,211.1788589433552,30.72167722945962,0,2.270811550097408
492,4.91,211.5579778004544,30.73135408370554,0,2.244961557117106
493,4.92,211.9369582051277,30.7408569679052,0,2.21905833508356
494,4.93,212.3158006854142,30.75018567837575,0,2.193102007220457
495,4.94,212.6945057699098,30.75934001188599,0,2.167092697339718
496,4.95,213.0730739877649,30.76831976565414,0,2.141030529841608
497,4.96,213.4515058686821,30.77712473734568,0,2.114915629714823
498,4.97,213.8298019429133,30.78575472507113,0,2.088748122536582
499,4.98,214.2079627412576,30.79420952738392,0,2.062528134472704
500,4.99,214.5859887950584,30.80248894327814,0,2.036255792277686
501,5,214.963880636201,30.81059277218643,0,2.009931223294768
502,5.01,215.3416387971101,30.81852081397779,0,1.983554555455997
503,5.02,215.7192638107472,30.82627286895539,0,1.957125917282277
504,5.03,216.0967562106077,30.83384873785442,0,1.930645437883419
505,5.04,216.474116530719,30.84124822183994,0,1.904113246958182
506,5.05,216.8513453056369,30.84847112250473,0,1.877529474794297
507,5.06,217.228443070444,30.85551724186708,0,1.850894252268498
508,5.07,217.6054103607461,30.86238638236875,0,1.824207710846535
509,5.08,217.9822477126702,30.86907834687271,0,1.797469982583185
510,5.09,218.3589556628614,30.87559293866109,0,1.770681200122248
511,5.100000000000001,218.7355347484807,30.88192996143302,0,1.743841496696541
512,5.11,219.1119855072016,30.88808921930249,0,1.716951006127881
513,5.12,219.4883084772079,30.89407051679624,0,1.690009862827058
514,5.13,219.8645041971909,30.89987365885167,0,1.663018201793803
515,5.14,220.2405732063463,30.90549845081469,0,1.635976158616742
516,5.15,220.6165160443718,30.91094469843764,0,1.608883869473347
517,5.16,220.9923332514643,30.91621220787717,0,1.581741471129873
518,5.17,221.3680253683169,30.9213007856922,0,1.554549100941287
519,5.18,221.7435929361159,30.92621023884178,0,1.527306896851187
520,5.19,222.1190364965387,30.93094037468305,0,1.500014997391715
521,5.2,222.49435659175,30.93549100096917,0,1.472673541683454
522,5.21,222.8695537643999,30.93986192584721,0,1.445282669435323
523,5.22,223.2446285576203,30.94405295785616,0,1.417842520944451
524,5.23,223.6195815150222,30.94806390592484,0,1.390353237096053
525,5.24,223.994413180693,30.95189457936988,0,1.362814959363289
526,5.25,224.3691240991935,30.95554478789366,0,1.335227829807114
527,5.26,224.7437148155546,30.95901434158232,0,1.307591991076112
528,5.27,225.118185875275,30.96230305090372,0,1.279907586406332
529,5.28,225.4925378243177,30.96541072670545,0,1.2521747596211
530,5.29,225.8667712091074,30.96833718021281,0,1.224393655130831
531,5.3,226.2408865765271,30.97108222302682,0,1.196564417932818
532,5.31,226.6148844739153,30.97364566712227,0,1.168687193611025
533,5.32,226.9887654490634,30.9760273248457,0,1.14076212833585
534,5.33,227.3625300502117,30.97822700891347,0,1.112789368863896
535,5.34,227.7361788260473,30.9802445324098,0,1.084769062537716
536,5.350000000000001,228.1097123257005,30.9820797087848,0,1.056701357285555
537,5.36,228.4831310987419,30.98373235185257,0,1.028586401621074
538,5.37,228.8564356951791,30.98520227578926,0,1.000424344643066
539,5.38,229.229626665454,30.98648929513114,0,0.9722153360351594
540,5.39,229.6027045604393,30.98759322477271,0,0.9439595260655087
541,5.4,229.9756699314355,30.9885138799648,0,0.915657065586473
542,5.41,230.3485233301676,30.9892510763127,0,0.887308106034282
543,5.42,230.7212653087823,30.98980462977425,0,0.8589127994286905
544,5.43,231.0938964198445,30.99017435665801,0,0.8304712983726187
545,5.44,231.466417216334,30.99036007362141,0,0.8019837560517816
546,5.45,231.8388282516427,30.99036159766886,0,0.7734503262343049
547,5.46,232.211130079571,30.99017874615,0,0.7448711632703257
548,5.47,232.5833232543248,30.9898113367578,0,0.7162464220915861
549,5.48,232.955408330512,30.98925918752681,0,0.6875762582110069
550,5.49,233.3273858631394,30.98852211683133,0,0.6588608277222521
551,5.5,233.6992564076096,30.98759994338367,0,0.6301002872992795
552,5.51,234.0710205197171,30.98649248623232,0,0.6012947941958769
553,5.52,234.4426787556457,30.98519956476024,0,0.5724445062451859
554,5.53,234.8142316719646,30.98372099868309,0,0.5435495818592114
555,5.54,235.1856798256255,30.9820566080475,0,0.5146101800283172
556,5.55,235.5570237739588,30.98020621322937,0,0.4856264603207084
557,5.56,235.9282640746706,30.97816963493211,0,0.4565985828818991
558,5.57,236.2994012858391,30.97594669418502,0,0.4275267084341673
559,5.58,236.6704359659115,30.97353721234153,0,0.3984109982759934
560,5.59,237.0413686737,30.9709410110776,0,0.3692516142814884
561,5.600000000000001,237.4121999683789,30.96815791239,0,0.3400487188998029
562,5.61,237.782930409481,30.96518773859473,0,0.3108024751545259
563,5.62,238.153560556894,30.96203031232535,0,0.2815130466430662
564,5.63,238.5240909708574,30.9586854565314,0,0.2521805975360207
565,5.64,238.8945222119584,30.95515299447676,0,0.2228052925765281
566,5.65,239.2648548411291,30.95143274973811,0,0.1933872970796077
567,5.66,239.6350894196424,30.94752454620331,0,0.1639267769314819
568,5.67,240.0052265091087,30.9434282080699,0,0.1344238985888858
569,5.68,240.3752666714725,30.93914355984353,0,0.1048788290783601
570,5.69,240.7452104690088,30.9346704263364,0,0.07529173599553025
571,5.7,241.115058464319,30.93000863266582,0,0.0456627875043699
572,5.71,241.4848112203283,30.92515800425268,0,0.01599215233644827
573,5.72,241.8544693002811,30.92011836681993,0,-0.01372000020983729
574,5.73,242.2240332677381,30.91488954639118,0,-0.04347350027004297
575,5.74,242.5935036865723,30.90947136928923,0,-0.07326817741447796
576,5.75,242.9628811209655,30.90386366213461,0,-0.1031038606490186
577,5.76,243.3321661354045,30.8980662518442,0,-0.1329803784159378
578,5.77,243.7013592946777,30.89207896562979,0,-0.1628975585947502
579,5.78,244.0704611638711,30.88590163099673,0,-0.192855228503074
580,5.79,244.4394723083648,30.87953407574255,0,-0.2228532148975081
581,5.8,244.8083932938294,30.87297612795559,0,-0.2528913439745254
582,5.81,245.1772246862219,30.86622761601369,0,-0.2829694413713831
583,5.82,245.5459670517822,30.85928836858286,0,-0.313087332167048
584,5.83,245.9146209570295,30.85215821461598,0,-0.3432448408831368
585,5.84,246.2831869687583,30.84483698335151,0,-0.3734417914848771
586,5.850000000000001,246.6516656540345,30.83732450431222,0,-0.4036780073820797
587,5.86,247.0200575801921,30.82962060730395,0,-0.4339533114301315
588,5.87,247.3883633148288,30.8217251224144,0,-0.4642675259310016
589,5.88,247.7565834258027,30.81363788001185,0,-0.494620472634267
590,5.89,248.124718481228,30.80535871074403,0,-0.5250119727381518
591,5.9,248.4927690494717,30.7968874455369,0,-0.5554418468905875
592,5.91,248.8607356991491,30.78822391559351,0,-0.5859099151902848
593,5.92,249.2286189991205,30.77936795239284,0,-0.6164159971878266
594,5.93,249.5964195184871,30.77031938768871,0,-0.6469599118867754
595,5.94,249.9641378265868,30.76107805350863,0,-0.6775414777448002
596,5.95,250.3317744929909,30.75164378215273,0,-0.7081605126748174
597,5.96,250.6993300874996,30.74201640619272,0,-0.7388168340461511
598,5.97,251.0668051801384,30.73219575847078,0,-0.7695102586857083
599,5.98,251.4342003411542,30.7221816720986,0,-0.8002406028791763
600,5.99,251.8015161410109,30.71197398045632,0,-0.8310076823722315
601,6,252.168753150386,30.70157251719154,0,-0.8618113123717688
602,6.01,252.5359119401663,30.69097711621839,0,-0.8926513075471475
603,6.02,252.9029930814437,30.68018761171651,0,-0.923527482031456
604,6.03,253.2699971455116,30.66920383813019,0,-0.9544396494227911
605,6.04,253.6369247038608,30.65802563016739,0,-0.9853876227855597
606,6.05,254.0037763281753,30.64665282279891,0,-1.016371214651792
607,6.06,254.3705525903281,30.63508525125745,0,-1.047390237022478
608,6.07,254.7372540623776,30.62332275103682,0,-1.07844450136892
609,6.08,255.1038813165632,30.61136515789107,0,-1.1095338186341
610,6.09,255.4704349253014,30.59921230783368,0,-1.14065799923407
611,6.100000000000001,255.8369154611813,30.58686403713677,0,-1.171816853059354
612,6.11,256.2033234969612,30.57432018233035,0,-1.203010189476379
613,6.12,256.5696596055637,30.56158058020155,0,-1.234237817328905
614,6.13,256.9359243600721,30.5486450677939,0,-1.265499544939496
615,6.140000000000001,257.302118333726,30.53551348240658,0,-1.296795180110991
616,6.15,257.6682420999174,30.52218566159382,0,-1.328124530128002
617,6.16,258.0342962321862,30.50866144316416,0,-1.359487401758428
618,6.17,258.4002813042162,30.49494066517983,0,-1.390883601254988
619,6.18,258.7661978898309,30.48102316595612,0,-1.42231293435677
620,6.19,259.1320465629894,30.4669087840608,0,-1.453775206290801
621,6.2,259.4978278977818,30.45259735831353,0,-1.485270221773636
622,6.21,259.8635424684255,30.43808872778528,0,-1.516797785012959
623,6.22,260.2291908492606,30.42338273179783,0,-1.548357699709212
624,6.23,260.5947736147459,30.40847920992324,0,-1.579949769057236
625,6.24,260.9602913394542,30.39337800198335,0,-1.611573795747931
626,6.25,261.3257445980685,30.37807894804934,0,-1.643229581969937
627,6.26,261.6911339653777,30.36258188844125,0,-1.674916929411329
628,6.27,262.0564600162719,30.34688666372756,0,-1.70663563926134
629,6.28,262.4217233257385,30.33099311472483,0,-1.738385512212091
630,6.29,262.7869244688576,30.31490108249727,0,-1.770166348460349
631,6.3,263.1520640207982,30.29861040835641,0,-1.801977947709295
632,6.31,263.5171425568129,30.28212093386076,0,-1.833820109170322
633,6.32,263.8821606522347,30.26543250081553,0,-1.865692631564839
634,6.33,264.2471188824717,30.24854495127227,0,-1.897595313126102
635,6.34,264.6120178230033,30.2314581275287,0,-1.929527951601067
636,6.350000000000001,264.9768580493756,30.2141718721284,0,-1.961490344252249
637,6.36,265.341640137197,30.19668602786063,0,-1.993482287859611
638,6.37,265.706364662134,30.1790004377601,0,-2.025503578722472
639,6.38,266.0710321999066,30.16111494510687,0,-2.057554012661421
640,6.390000000000001,266.4356433262839,30.14302939342613,0,-2.08963338502027
641,6.4,266.8001986170798,30.1247436264881,0,-2.121741490668007
642,6.41,267.1646986481485,30.10625748830799,0,-2.15387812400078
643,6.42,267.52914399538,30.08757082314581,0,-2.186043078943895
644,6.43,267.8935352346957,30.06868347550645,0,-2.218236148953834
645,6.44,268.2578729420438,30.04959529013955,0,-2.250457127020294
646,6.45,268.6221576933953,30.03030611203958,0,-2.282705805668237
647,6.46,268.9863900647389,30.01081578644578,0,-2.314981976959974
648,6.47,269.3505706320769,29.99112415884229,0,-2.34728543249725
649,6.48,269.7146999714205,29.97123107495816,0,-2.379615963423362
650,6.49,270.0787786587856,29.9511363807675,0,-2.411973360425291
651,6.5,270.4428072701879,29.93083992248954,0,-2.444357413735851
652,6.51,270.8067863816385,29.91034154658882,0,-2.476767913135861
653,6.52,271.1707165691396,29.88964109977537,0,-2.509204647956335
654,6.53,271.5345984086798,29.86873842900485,0,-2.541667407080685
655,6.54,271.8984324762293,29.84763338147884,0,-2.574155978946953
656,6.55,272.2622193477357,29.82632580464503,0,-2.606670151550059
657,6.56,272.6259595991194,29.80481554619753,0,-2.639209712444061
658,6.57,272.9896538062687,29.78310245407713,0,-2.671774448744444
659,6.58,273.3533025450358,29.76118637647165,0,-2.704364147130419
660,6.59,273.7169063912316,29.73906716181629,0,-2.736978593847249
661,6.600000000000001,274.0804659206215,29.71674465879397,0,-2.76961757470859
662,6.61,274.4439817089205,29.69421871633577,0,-2.802280875098852
663,6.62,274.807454331789,29.6714891836213,0,-2.834968279975575
664,6.63,275.1708843648278,29.64855591007921,0,-2.867679573871832
665,6.640000000000001,275.5342723835735,29.62541874538762,0,-2.900414540898645
666,6.65,275.8976189634943,29.60207753947463,0,-2.933172964747421
667,6.66,276.2609246799848,29.57853214251886,0,-2.965954628692408
668,6.67,276.6241901083616,29.55478240494997,0,-2.998759315593169
669,6.68,276.9874158238587,29.53082817744929,0,-3.031586807897076
670,6.69,277.3506024016229,29.50666931095038,0,-3.064436887641823
671,6.7,277.7137504167088,29.48230565663965,0,-3.097309336457956
672,6.71,278.0768604440746,29.45773706595706,0,-3.130203935571423
673,6.72,278.4399330585768,29.43296339059677,0,-3.163120465806144
674,6.73,278.8029688349663,29.40798448250787,0,-3.196058707586602
675,6.74,279.165968347883,29.38280019389507,0,-3.22901844094044
676,6.75,279.5289321718516,29.35741037721952,0,-3.261999445501096
677,6.76,279.8918608812765,29.33181488519954,0,-3.295001500510446
678,6.77,280.2547550504374,29.30601357081148,0,-3.328024384821461
679,6.78,280.6176152534845,29.28000628729052,0,-3.361067876900895
680,6.79,280.9804420644336,29.25379288813155,0,-3.394131754831983
681,6.8,281.3432360571618,29.22737322709007,0,-3.427215796317158
682,6.81,281.7059978054022,29.20074715818311,0,-3.460319778680793
683,6.82,282.0687278827397,29.17391453569014,0,-3.493443478871953
684,6.83,282.4314268626059,29.14687521415409,0,-3.526586673467174
685,6.84,282.7940953182745,29.1196290483823,0,-3.559749138673252
686,6.850000000000001,283.1567338228566,29.09217589344759,0,-3.592930650330057
687,6.86,283.5193429492958,29.06451560468927,0,-3.626130983913364
688,6.87,283.8819232703636,29.03664803771424,0,-3.6593499145377
689,6.88,284.2444753586546,29.00857304839809,0,-3.692587216959212
690,6.890000000000001,284.6069997865815,28.98029049288621,0,-3.725842665578549
691,6.9,284.9694971263707,28.95180022759499,0,-3.759116034443772
692,6.91,285.3319679500573,28.92310210921296,0,-3.792407097253268
693,6.92,285.6944128294804,28.89419599470201,0,-3.825715627358698
694,6.93,286.0568323362783,28.86508174129866,0,-3.859041397767947
695,6.94,286.4192270418837,28.83575920651528,0,-3.892384181148105
696,6.95,286.7815975175188,28.8062282481414,0,-3.925743749828462
697,6.96,287.1439443341908,28.77648872424503,0,-3.959119875803515
698,6.97,287.506268062687,28.74654049317398,0,-3.992512330736004
699,6.98,287.8685692735697,28.71638341355728,0,-4.025920885959953
700,6.99,288.2308485371718,28.68601734430651,0,-4.059345312483743
701,7,288.5931064235917,28.65544214461729,0,-4.092785380993192
702,7.01,288.9553435026889,28.62465767397067,0,-4.126240861854652
703,7.02,289.3175603440786,28.59366379213467,0,-4.159711525118135
704,7.03,289.6797575171275,28.56246035916572,0,-4.193197140520446
705,7.04,290.0419355909486,28.53104723541023,0,-4.226697477488333
706,7.05,290.4040951343963,28.49942428150614,0,-4.260212305141664
707,7.06,290.7662367160621,28.46759135838452,0,-4.293741392296614
708,7.07,291.1283609042691,28.43554832727113,0,-4.327284507468867
709,7.08,291.490468267068,28.4032950496881,0,-4.360841418876843
710,7.09,291.8525593722313,28.3708313874556,0,-4.39441189444494
711,7.100000000000001,292.2146347872495,28.33815720269348,0,-4.427995701806783
712,7.11,292.5766950793252,28.30527235782306,0,-4.461592608308509
713,7.12,292.9387408153694,28.27217671556881,0,-4.495202381012048
714,7.13,293.3007725619958,28.23887013896014,0,-4.52882478669844
715,7.140000000000001,293.6627908855163,28.20535249133322,0,-4.562459591871151
716,7.15,294.0247963519364,28.17162363633277,0,-4.596106562759423
717,7.16,294.3867895269499,28.13768343791393,0,-4.629765465321626
718,7.17,294.7487709759345,28.10353176034412,0,-4.663436065248636
719,7.18,295.1107412639467,28.06916846820496,0,-4.697118127967223
720,7.19,295.472700955717,28.0345934263942,0,-4.730811418643466
721,7.2,295.8346506156452,27.99980650012764,0,-4.764515702186164
722,7.21,296.1965908077955,27.96480755494116,0,-4.798230743250287
723,7.22,296.5585220958918,27.9295964566927,0,-4.831956306240431
724,7.23,296.9204450433126,27.89417307156428,0,-4.865692155314282
725,7.24,297.2823602130864,27.8585372660641,0,-4.899438054386112
726,7.25,297.6442681678868,27.8226889070286,0,-4.933193767130281
727,7.26,298.0061694700278,27.78662786162457,0,-4.966959056984756
728,7.27,298.3680646814586,27.7503539973513,0,-5.000733687154643
729,7.28,298.7299543637592,27.71386718204273,0,-5.034517420615743
730,7.29,299.0918390781356,27.67716728386965,0,-5.068310020118119
731,7.3,299.4537193854144,27.64025417134192,0,-5.102111248189669
732,7.31,299.8155958460389,27.60312771331071,0,-5.135920867139732
733,7.32,300.1774690200633,27.56578777897074,0,-5.169738639062697
734,7.33,300.5393394671486,27.52823423786262,0,-5.203564325841628
735,7.34,300.9012077465576,27.49046695987514,0,-5.237397689151907
736,7.350000000000001,301.2630744171499,27.45248581524759,0,-5.271238490464892
737,7.36,301.6249400373775,27.4142906745722,0,-5.305086491051588
738,7.37,301.9868051652794,27.37588140879645,0,-5.338941451986332
739,7.38,302.3486703584774,27.33725788922557,0,-5.372803134150494
740,7.390000000000001,302.710536174171,27.29841998752491,0,-5.406671298236194
741,7.4,303.0724031691326,27.25936757572248,0,-5.440545704750029
742,7.41,303.4342718997028,27.22010052621138,0,-5.474426114016818
743,7.42,303.7961429217855,27.18061871175239,0,-5.508312286183354
744,7.43,304.1580167908434,27.14092200547645,0,-5.542203981222186
745,7.44,304.5198940618928,27.10101028088727,0,-5.576100958935394
746,7.45,304.8817752894992,27.06088341186391,0,-5.610002978958397
747,7.46,305.2436610277722,27.0205412726634,0,-5.643909800763754
748,7.47,305.6055518303612,26.9799837379234,0,-5.677821183665001
749,7.48,305.9674482504499,26.93921068266485,0,-5.711736886820486
750,7.49,306.3293508407523,26.89822198229465,0,-5.745656669237219
751,7.5,306.6912601535077,26.85701751260842,0,-5.779580289774741
752,7.51,307.0531767404756,26.8155971497932,0,-5.813507507149003
753,7.52,307.4151011529314,26.77396077043024,0,-5.847438079936252
754,7.53,307.7770339416614,26.73210825149779,0,-5.881371766576941
755,7.54,308.1389756569583,26.69003947037388,0,-5.915308325379645
756,7.55,308.5009268486164,26.6477543048392,0,-5.949247514524982
757,7.56,308.8628880659265,26.60525263307994,0,-5.983189092069567
758,7.57,309.2248598576717,26.56253433369066,0,-6.017132815949955
759,7.58,309.5868427721225,26.51959928567723,0,-6.051078443986612
760,7.59,309.948837357032,26.47644736845973,0,-6.085025733887891
761,7.600000000000001,310.3108441596314,26.43307846187544,0,-6.118974443254018
762,7.61,310.6728637266249,26.38949244618177,0,-6.1529243295811
763,7.62,311.0348966041856,26.34568920205928,0,-6.186875150265127
764,7.63,311.3969433379505,26.30166861061473,0,-6.220826662606006
765,7.640000000000001,311.7590044730156,26.25743055338409,0,-6.254778623811587
766,7.65,312.1210805539317,26.2129749123356,0,-6.288730791001715
767,7.66,312.4831721246994,26.16830156987291,0,-6.32268292121228
768,7.67,312.8452797287646,26.12341040883815,0,-6.356634771399293
769,7.68,313.207403909014,26.07830131251507,0,-6.390586098442955
770,7.69,313.5695452077699,26.03297416463221,0,-6.424536659151753
771,7.7,313.9317041667863,25.98742884936606,0,-6.458486210266551
772,7.71,314.2938813272438,25.94166525134429,0,-6.492434508464705
773,7.72,314.6560772297451,25.89568325564894,0,-6.52638131036418
774,7.73,315.0182924143104,25.84948274781968,0,-6.560326372527678
775,7.74,315.3805274203729,25.80306361385707,0,-6.594269451466775
776,7.75,315.7427827867739,25.75642574022585,0,-6.62821030364607
777,7.76,316.1050590517589,25.70956901385824,0,-6.662148685487344
778,7.77,316.467356752972,25.66249332215727,0,-6.696084353373723
779,7.78,316.8296764274524,25.61519855300013,0,-6.730017063653855
780,7.79,317.1920186116291,25.56768459474154,0,-6.763946572646096
781,7.8,317.5543838413166,25.51995133621713,0,-6.797872636642699
782,7.81,317.9167726517104,25.47199866674688,0,-6.831795011914021
783,7.82,318.2791855773825,25.42382647613849,0,-6.865713454712727
784,7.83,318.6416231522768,25.3754346546909,0,-6.899627721278013
785,7.84,319.0040859097047,25.32682309319769,0,-6.933537567839829
786,7.850000000000001,319.3665743823403,25.27799168295064,0,-6.967442750623116
787,7.86,319.7290891022164,25.22894031574317,0,-7.001343025852044
788,7.87,320.0916306007196,25.17966888387392,0,-7.035238149754269
789,7.88,320.4541994085859,25.13017728015026,0,-7.06912787856518
790,7.890000000000001,320.8167960558966,25.08046539789188,0,-7.10301196853217
791,7.9,321.1794210720735,25.03053313093436,0,-7.136890175918907
792,7.91,321.5420749858744,24.98038037363277,0,-7.170762257009606
793,7.92,321.904758325389,24.9300070208653,0,-7.204627968113324
794,7.930000000000001,322.2674716180341,24.87941296803692,0,-7.23848706556824
795,7.94,322.6302153905497,24.82859811108298,0,-7.27233930574596
796,7.95,322.9929901689943,24.77756234647293,0,-7.30618444505582
797,7.96,323.3557964787402,24.726305571214,0,-7.340022239949195
798,7.97,323.7186348444698,24.67482768285492,0,-7.373852446923812
799,7.98,324.0815057901708,24.62312857948962,0,-7.407674822528077
800,7.99,324.4444098391321,24.57120815976101,0,-7.441489123365398
801,8,324.8073475139392,24.51906632286471,0,-7.475295106098514
802,8.01,325.1703193364701,24.46670296855284,0,-7.509092527453843
803,8.02,325.5333258278908,24.41411799713781,0,-7.542881144225813
804,8.029999999999999,325.8963675086513,24.36131130949615,0,-7.576660713281215
805,8.040000000000001,326.259444898481,24.30828280707231,0,-7.61043099156355
806,8.050000000000001,326.6225585163847,24.25503239188251,0,-7.64419173609739
807,8.06,326.985708880638,24.20155996651861,0,-7.677942703992735
808,8.07,327.3488965087834,24.14786543415195,0,-7.711683652449377
809,8.08,327.712121917626,24.09394869853731,0,-7.745414338761271
810,8.09,328.0753856232291,24.03980966401671,0,-7.779134520320902
811,8.1,328.4386881409102,23.98544823552342,0,-7.812843954623664
812,8.109999999999999,328.8020299852366,23.93086431858586,0,-7.846542399272233
813,8.120000000000001,329.1654116700215,23.87605781933151,0,-7.880229611980956
814,8.130000000000001,329.5288337083195,23.82102864449094,0,-7.913905350580227
815,8.140000000000001,329.8922966124229,23.76577670140174,0,-7.947569373020881
816,8.15,330.2558008938569,23.71030189801252,0,-7.981221437378582
817,8.16,330.6193470633763,23.65460414288691,0,-8.014861301858208
818,8.17,330.9829356309608,23.59868334520759,0,-8.048488724798251
819,8.18,331.3465671058108,23.5425394147803,0,-8.082103464675216
820,8.19,331.7102419963441,23.4861722620379,0,-8.115705280108008
821,8.199999999999999,332.073960810191,23.42958179804439,0,-8.149293929862344
822,8.210000000000001,332.4377240541905,23.37276793449904,0,-8.18286917285514
823,8.220000000000001,332.8015322343868,23.3157305837404,0,-8.216430768158924
824,8.23,333.1653858560244,23.25846965875045,0,-8.249978475006229
825,8.24,333.5292854235446,23.20098507315863,0,-8.283512052794007
826,8.25,333.8932314405818,23.14327674124606,0,-8.317031261088021
827,8.26,334.2572244099586,23.08534457794956,0,-8.350535859627255
828,8.27,334.6212648336827,23.02718849886584,0,-8.384025608328326
829,8.279999999999999,334.9853532129429,22.96880842025566,0,-8.417500267289872
830,8.290000000000001,335.3494900481046,22.91020425904793,0,-8.450959596796968
831,8.300000000000001,335.7136758387064,22.85137593284396,0,-8.484403357325526
832,8.31,336.0779110834559,22.79232335992155,0,-8.517831309546697
833,8.32,336.4421962802261,22.73304645923925,0,-8.551243214331279
834,8.33,336.8065319260515,22.67354515044051,0,-8.584638832754113
835,8.34,337.1709185171239,22.61381935385792,0,-8.61801792609848
836,8.35,337.535356548789,22.55386899051739,0,-8.651380255860504
837,8.359999999999999,337.8998465155424,22.49369398214242,0,-8.684725583753552
838,8.370000000000001,338.2643889110259,22.4332942511583,0,-8.718053671712628
839,8.380000000000001,338.6289842280234,22.37266972069635,0,-8.751364281898756
840,8.390000000000001,338.9936329584576,22.31182031459819,0,-8.784657176703385
841,8.4,339.3583355933861,22.25074595741998,0,-8.817932118752768
842,8.41,339.7230926229974,22.18944657443672,0,-8.851188870912353
843,8.42,340.0879045366075,22.12792209164645,0,-8.884427196291162
844,8.43,340.4527718226563,22.0661724357746,0,-8.917646858246176
845,8.44,340.8176949687034,22.00419753427827,0,-8.950847620386709
846,8.449999999999999,341.1826744614252,21.94199731535046,0,-8.984029246578778
847,8.460000000000001,341.5477107866104,21.87957170792444,0,-9.017191500949481
848,8.470000000000001,341.9128044291572,21.81692064167803,0,-9.050334147891355
849,8.48,342.2779558730691,21.7540440470379,0,-9.08345695206674
850,8.49,342.6431656014516,21.6909418551839,0,-9.116559678412139
851,8.5,343.0084340965086,21.62761399805336,0,-9.149642092142571
852,8.51,343.3737618395389,21.56406040834545,0,-9.182703958755916
853,8.52,343.7391493109323,21.50028101952549,0,-9.215745044037261
854,8.529999999999999,344.1045969901668,21.4362757658293,0,-9.248765114063241
855,8.540000000000001,344.4701053558043,21.37204458226752,0,-9.281763935206369
856,8.550000000000001,344.8356748854878,21.30758740462995,0,-9.314741274139365
857,8.56,345.2013060559376,21.24290416948995,0,-9.347696897839477
858,8.57,345.5669993429478,21.17799481420871,0,-9.3806305735928
859,8.58,345.932755221383,21.11285927693968,0,-9.413542068998586
860,8.59,346.2985741651751,21.04749749663287,0,-9.446431151973545
861,8.6,346.6644566473195,20.98190941303925,0,-9.479297590756152
862,8.609999999999999,347.0304031398722,20.9160949667151,0,-9.512141153910921
863,8.620000000000001,347.3964141139461,20.85005409902634,0,-9.544961610332708
864,8.630000000000001,347.7624900397077,20.78378675215295,0,-9.57775872925097
865,8.640000000000001,348.128631386374,20.71729286909331,0,-9.610532280234056
866,8.65,348.4948386222093,20.65057239366855,0,-9.643282033193447
867,8.66,348.8611122145213,20.58362527052697,0,-9.676007758388028
868,8.67,349.2274526296588,20.51645144514836,0,-9.708709226428324
869,8.68,349.5938603330077,20.44905086384838,0,-9.741386208280744
870,8.69,349.9603357889881,20.38142347378297,0,-9.774038475271812
871,8.700000000000001,350.3268794610513,20.31356922295267,0,-9.806665799092386
872,8.710000000000001,350.6934918116762,20.24548806020701,0,-9.839267951801872
873,8.720000000000001,351.0601733023664,20.17717993524887,0,-9.871844705832432
874,8.73,351.4269243936473,20.1086447986389,0,-9.904395833993172
875,8.74,351.7937455450626,20.03988260179979,0,-9.936921109474341
876,8.75,352.1606372151714,19.97089329702073,0,-9.969420305851489
877,8.76,352.5275998615451,19.90167683746172,0,-10.00189319708965
878,8.77,352.8946339407644,19.83223317715795,0,-10.0343395575475
879,8.779999999999999,353.2617399084163,19.76256227102413,0,-10.06675916198149
880,8.790000000000001,353.628918219091,19.69266407485892,0,-10.09915178554999
881,8.800000000000001,353.9961693263791,19.62253854534918,0,-10.13151720381742
882,8.81,354.3634936828684,19.55218564007441,0,-10.16385519275837
883,8.82,354.730891740141,19.48160531751106,0,-10.19616552876167
884,8.83,355.0983639487707,19.41079753703686,0,-10.22844798863456
885,8.84,355.4659107583197,19.33976225893518,0,-10.26070234960667
886,8.85,355.833532617336,19.26849944439936,0,-10.29292838933419
887,8.859999999999999,356.2012299733503,19.19700905553703,0,-10.32512588590385
888,8.870000000000001,356.5690032728735,19.12529105537447,0,-10.35729461783704
889,8.880000000000001,356.9368529613936,19.05334540786087,0,-10.38943436409377
890,8.890000000000001,357.3047794833729,18.98117207787271,0,-10.42154490407677
891,8.9,357.6727832822455,18.908771031218,0,-10.45362601763543
892,8.91,358.0408648004143,18.83614223464065,0,-10.48567748506988
893,8.92,358.4090244792484,18.76328565582473,0,-10.51769908713488
894,8.93,358.7772627590804,18.69020126339877,0,-10.54969060504387
895,8.94,359.1455800792036,18.61688902694002,0,-10.58165182047291
896,8.950000000000001,359.5139768778694,18.54334891697876,0,-10.6135825155646
897,8.960000000000001,359.8824535922848,18.46958090500256,0,-10.64548247293204
898,8.970000000000001,360.2510106586096,18.39558496346053,0,-10.67735147566277
899,8.98,360.6196485119539,18.32136106576756,0,-10.70918930732261
900,8.99,360.9883675863753,18.24690918630861,0,-10.74099575195962
901,9,361.3571683148767,18.1722293004429,0,-10.77277059410793
902,9.01,361.7260511294037,18.09732138450817,0,-10.80451361879164
903,9.02,362.0950164608418,18.02218541582486,0,-10.83622461152864
904,9.029999999999999,362.4640647390142,17.94682137270036,0,-10.86790335833446
905,9.040000000000001,362.8331963926793,17.8712292344332,0,-10.89954964572608
906,9.050000000000001,363.2024118495281,17.79540898131721,0,-10.93116326072575
907,9.06,363.5717115361819,17.71936059464574,0,-10.96274399086475
908,9.07,363.94109587819,17.64308405671578,0,-10.9942916241872
909,9.08,364.310565300027,17.56657935083216,0,-11.02580594925377
910,9.09,364.6801202250909,17.48984646131171,0,-11.05728675514548
911,9.1,365.0497610757005,17.41288537348732,0,-11.08873383146737
912,9.109999999999999,365.4194882730928,17.33569607371215,0,-11.12014696835225
913,9.120000000000001,365.7893022374215,17.25827854936368,0,-11.15152595646438
914,9.130000000000001,366.1592033877537,17.18063278884785,0,-11.18287058700314
915,9.140000000000001,366.5291921420689,17.10275878160311,0,-11.21418065170669
916,9.15,366.8992689172555,17.02465651810454,0,-11.24545594285562
917,9.16,367.2694341291096,16.94632598986787,0,-11.27669625327658
918,9.17,367.6396881923322,16.86776718945355,0,-11.30790137634589
919,9.18,368.0100315205274,16.78898011047078,0,-11.33907110599311
920,9.19,368.3804645262001,16.70996474758155,0,-11.37020523670464
921,9.200000000000001,368.7509876207538,16.6307210965046,0,-11.40130356352726
922,9.210000000000001,369.1216012144891,16.55124915401946,0,-11.43236588207169
923,9.220000000000001,369.4923057166006,16.4715489179704,0,-11.46339198851609
924,9.23,369.8631015351759,16.39162038727041,0,-11.49438167960956
925,9.24,370.233989077193,16.31146356190516,0,-11.52533475267565
926,9.25,370.6049687485183,16.23107844293687,0,-11.5562510056158
927,9.26,370.976040953905,16.15046503250832,0,-11.5871302369128
928,9.27,371.3472060969908,16.06962333384668,0,-11.61797224563421
929,9.279999999999999,371.718464580296,15.98855335126742,0,-11.6487768314358
930,9.290000000000001,372.0898168052218,15.90725509017819,0,-11.67954379456489
931,9.300000000000001,372.4612631720483,15.82572855708264,0,-11.71027293586377
932,9.31,372.8328040799328,15.74397375958429,0,-11.74096405677302
933,9.32,373.2044399269074,15.66199070639033,0,-11.77161695933486
934,9.33,373.5761711098779,15.57977940731544,0,-11.80223144619644
935,9.34,373.9479980246217,15.49733987328552,0,-11.83280732061318
936,9.35,374.3199210657859,15.41467211634153,0,-11.863344386452
937,9.359999999999999,374.6919406268859,15.33177614964317,0,-11.89384244819459
938,9.370000000000001,375.0640571003032,15.24865198747265,0,-11.92430131094062
939,9.380000000000001,375.4362708772841,15.16529964523839,0,-11.95472078041101
940,9.390000000000001,375.8085823479378,15.08171913947869,0,-11.98510066295107
941,9.4,376.1809919012351,14.99791048786543,0,-12.01544076553368
942,9.41,376.5534999250062,14.91387370920771,0,-12.04574089576245
943,9.42,376.9261068059395,14.82960882345546,0,-12.07600086187486
944,9.43,377.2988129295799,14.74511585170309,0,-12.10622047274535
945,9.44,377.6716186803272,14.66039481619307,0,-12.13639953788843
946,9.450000000000001,378.0445244414348,14.57544574031948,0,-12.16653786746172
947,9.460000000000001,378.4175305950075,14.49026864863158,0,-12.19663527226899
948,9.470000000000001,378.790637522001,14.40486356683734,0,-12.22669156376324
949,9.48,379.1638456022196,14.31923052180693,0,-12.25670655404964
950,9.49,379.5371552143151,14.23336954157623,0,-12.28668005588854
951,9.5,379.9105667357854,14.14728065535028,0,-12.31661188269842
952,9.51,380.284080542973,14.06096389350673,0,-12.34650184855883
953,9.52,380.6576970110634,13.97441928759927,0,-12.3763497682133
954,9.529999999999999,381.0314165140842,13.887646870361,0,-12.40615545707225
955,9.540000000000001,381.4052394249036,13.80064667570782,0,-12.43591873121582
956,9.550000000000001,381.7791661152288,13.7134187387418,0,-12.46563940739676
957,9.56,382.153196955605,13.62596309575451,0,-12.49531730304323
958,9.57,382.527332315414,13.53827978423027,0,-12.52495223626161
959,9.58,382.901572562873,13.45036884284952,0,-12.55454402583927
960,9.59,383.2759180650334,13.36223031149202,0,-12.58409249124735
961,9.6,383.6503691877796,13.27386423124009,0,-12.61359745264346
962,9.609999999999999,384.0249262958276,13.18527064438185,0,-12.64305873087442
963,9.620000000000001,384.3995897527243,13.09644959441439,0,-12.6724761474789
964,9.630000000000001,384.7743599208457,13.0074011260469,0,-12.70184952469017
965,9.640000000000001,385.1492371613965,12.91812528520389,0,-12.73117868543863
966,9.65,385.5242218344083,12.82862211902821,0,-12.76046345335452
967,9.66,385.8993142987393,12.73889167588419,0,-12.78970365277047
968,9.67,386.2745149120725,12.6489340053607,0,-12.81889910872405
969,9.68,386.6498240309152,12.55874915827417,0,-12.84804964696037
970,9.69,387.0252420105978,12.46833718667159,0,-12.87715509393455
971,9.700000000000001,387.4007692052726,12.37769814383354,0,-12.90621527681425
972,9.710000000000001,387.7764059679133,12.28683208427709,0,-12.93523002348212
973,9.720000000000001,388.1521526503137,12.19573906375877,0,-12.96419916253826
974,9.73,388.5280096030869,12.10441913927745,0,-12.99312252330265
975,9.74,388.9039771756645,12.01287236907724,0,-13.02199993581755
976,9.75,389.2800557162954,11.92109881265033,0,-13.05083123084985
977,9.76,389.6562455720453,11.82909853073979,0,-13.07961623989348
978,9.77,390.0325470887958,11.73687158534243,0,-13.10835479517165
979,9.779999999999999,390.4089606112435,11.64441803971147,0,-13.13704672963924
980,9.790000000000001,390.785486482899,11.55173795835938,0,-13.16569187698502
981,9.800000000000001,391.1621250460867,11.45883140706052,0,-13.19429007163393
982,9.81,391.5388766419435,11.36569845285385,0,-13.22284114874929
983,9.82,391.9157416104184,11.2723391640456,0,-13.25134494423502
984,9.83,392.2927202902716,11.17875361021186,0,-13.27980129473782
985,9.84,392.669813019074,11.08494186220121,0,-13.30821003764927
986,9.85,393.0470201332063,10.99090399213727,0,-13.33657101110805
987,9.859999999999999,393.4243419678588,10.89664007342125,0,-13.36488405400197
988,9.870000000000001,393.8017788570302,10.80215018073445,0,-13.39314900597006
989,9.880000000000001,394.1793311335274,10.70743439004075,0,-13.42136570740465
990,9.890000000000001,394.5569991289648,10.61249277858903,0,-13.44953399945337
991,9.9,394.9347831737637,10.51732542491567,0,-13.47765372402115
992,9.91,395.312683597152,10.42193240884683,0,-13.50572472377223
993,9.92,395.6907007271633,10.32631381150091,0,-13.53374684213205
994,9.93,396.0688348906367,10.23046971529081,0,-13.56171992328923
995,9.94,396.4470864132163,10.13440020392627,0,-13.58964381219744
996,9.950000000000001,396.8254556193506,10.03810536241613,0,-13.61751835457727
997,9.960000000000001,397.2039428322922,9.941585277070565,0,-13.64534339691812
998,9.970000000000001,397.5825483740973,9.844840035503282,0,-13.67311878647994
999,9.98,397.9612725656254,9.747869726633715,0,-13.70084437129513
1000,9.99,398.340115726539,9.650674440689162,0,-13.7285200001702
1001,10,398.7190781753029,9.553254269206896,0,-13.75614552268759
1002,10.01,399.0981602291842,9.455609305036248,0,-13.78372078920739
1003,10.02,399.477362204252,9.357739642340659,0,-13.81124565086896
1004,10.03,399.8566844153768,9.2596453765997,0,-13.83871995959268
1005,10.04,400.2361271762308,9.161326604611054,0,-13.86614356808154
1006,10.05,400.6156907992868,9.062783424492471,0,-13.89351632982277
1007,10.06,400.9953755958188,8.964015935683694,0,-13.92083809908942
1008,10.07,401.3751818759013,8.865024238948342,0,-13.94810873094192
1009,10.08,401.7551099484094,8.765808436375776,0,-13.97532808122964
1010,10.09,402.1351601210184,8.666368631382914,0,-14.00249600659237
1011,10.1,402.5153327002037,8.56670492871603,0,-14.02961236446182
1012,10.11,402.8956279912407,8.466817434452507,0,-14.05667701306306
1013,10.12,403.2760462982048,8.366706256002566,0,-14.08368981141598
1014,10.13,403.6565879239711,8.26637150211096,0,-14.11065061933665
1015,10.14,404.0372531702145,8.165813282858631,0,-14.13755929743875
1016,10.15,404.4180423374094,8.065031709664336,0,-14.16441570713488
1017,10.16,404.7989557248301,7.964026895286241,0,-14.1912197106379
1018,10.17,405.1799936305504,7.862798953823479,0,-14.21797117096225
1019,10.18,405.5611563514437,7.761348000717675,0,-14.24466995192518
1020,10.19,405.9424441831829,7.659674152754437,0,-14.27131591814804
1021,10.2,406.323857420241,7.557777528064818,0,-14.29790893505748
1022,10.21,406.7053963558903,7.455658246126733,0,-14.32444886888662
1023,10.22,407.0870612822032,7.353316427766353,0,-14.35093558667628
1024,10.23,407.4688524900519,7.250752195159457,0,-14.37736895627606
1025,10.24,407.8507702691088,7.147965671832758,0,-14.40374884634547
1026,10.25,408.2328149078461,7.044956982665187,0,-14.43007512635507
1027,10.26,408.6149866935368,6.941726253889141,0,-14.45634766658745
1028,10.27,408.997285912254,6.838273613091708,0,-14.48256633813833
1029,10.28,409.3797128488716,6.734599189215846,0,-14.50873101291753
1030,10.29,409.7622677870645,6.630703112561531,0,-14.53484156364999
1031,10.3,410.1449510093086,6.526585514786873,0,-14.5608978638767
1032,10.31,410.5277627968811,6.422246528909193,0,-14.58689978795563
1033,10.32,410.9107034298609,6.317686289306065,0,-14.61284721106267
1034,10.33,411.2937731871287,6.212904931716329,0,-14.63874000919246
1035,10.34,411.6769723463675,6.107902593241061,0,-14.66457805915928
1036,10.35,412.0603011840627,6.002679412344513,0,-14.69036123859786
1037,10.36,412.4437599755025,5.897235528855015,0,-14.71608942596418
1038,10.37,412.8273489947783,5.791571083965846,0,-14.74176250053624
1039,10.38,413.211068514785,5.685686220236064,0,-14.76738034241484
1040,10.39,413.5949188072216,5.579581081591302,0,-14.79294283252426
1041,10.4,413.978900142591,5.473255813324536,0,-14.81844985261298
1042,10.41,414.3630127902014,5.366710562096802,0,-14.84390128525433
1043,10.42,414.7472570181655,5.259945475937896,0,-14.86929701384718
1044,10.43,415.1316330934021,5.152960704247023,0,-14.89463692261649
1045,10.44,415.5161412816359,5.045756397793417,0,-14.91992089661396
1046,10.45,415.9007818473982,4.938332708716929,0,-14.94514882171858
1047,10.46,416.2855550540272,4.830689790528569,0,-14.97032058463714
1048,10.47,416.6704611636687,4.722827798111026,0,-14.99543607290481
1049,10.48,417.0555004372769,4.614746887719135,0,-15.02049517488554
1050,10.49,417.4406731346142,4.506447216980326,0,-15.04549777977261
1051,10.5,417.8259795142525,4.397928944895023,0,-15.07044377758903
1052,10.51,418.2114198335733,4.289192231837018,0,-15.09533305918793
1053,10.52,418.5969943487686,4.180237239553798,0,-15.12016551625298
1054,10.53,418.9827033148415,4.071064131166848,0,-15.14494104129875
1055,10.54,419.3685469856064,3.961673071171905,0,-15.16965952767103
1056,10.55,419.7545256136901,3.852064225439192,0,-15.19432086954713
1057,10.56,420.1406394505325,3.742237761213596,0,-15.2189249619362
1058,10.57,420.5268887463868,3.632193847114832,0,-15.24347170067947
1059,10.58,420.9132737503205,3.52193265313755,0,-15.26796098245048
1060,10.59,421.2997947102164,3.411454350651423,0,-15.29239270475529
1061,10.6,421.6864518727726,3.300759112401189,0,-15.31676676593266
1062,10.61,422.0732454835039,3.189847112506657,0,-15.34108306515424
1063,10.62,422.4601757867421,3.078718526462686,0,-15.36534150242466
1064,10.63,422.8472430256371,2.967373531139113,0,-15.38954197858167
1065,10.64,423.2344474421574,2.855812304780662,0,-15.41368439529619
1066,10.65,423.621789277091,2.7440350270068,0,-15.43776865507244
1067,10.66,424.0092687700463,2.632041878811572,0,-15.46179466124787
1068,10.67,424.3968861594528,2.519833042563391,0,-15.48576231799327
1069,10.68,424.7846416825619,2.40740870200479,0,-15.50967153031268
1070,10.69,425.172535575448,2.294769042252148,0,-15.53352220404342
1071,10.7,425.5605680730089,2.181914249795371,0,-15.55731424585595
1072,10.71,425.9487394089674,2.06884451249754,0,-15.58104756325384
1073,10.72,426.3370498158712,1.955560019594522,0,-15.60472206457364
1074,10.73,426.7254995250948,1.842060961694549,0,-15.62833765898472
1075,10.74,427.1140887668398,1.728347530777755,0,-15.65189425648917
1076,10.75,427.5028177701361,1.61441992019568,0,-15.67539176792153
1077,10.76,427.8916867628425,1.50027832467074,0,-15.69883010494865
1078,10.77,428.2806959716484,1.38592294029566,0,-15.72220918006943
1079,10.78,428.6698456220737,1.271353964532867,0,-15.74552890661458
1080,10.79,429.0591359384708,1.156571596213851,0,-15.76878919874629
1081,10.8,429.4485671440251,1.041576035538494,0,-15.791989971458
1082,10.81,429.8381394607559,0.9263674840743561,0,-15.81513114057402
1083,10.82,430.2278531095178,0.8109461447559255,0,-15.83821262274918
1084,10.83,430.6177083100014,0.6953122218838428,0,-15.86123433546849
1085,10.84,431.0077052807346,0.5794659211240785,0,-15.8841961970467
1086,10.85,431.3978442390836,0.4634074495070802,0,-15.90709812662792
1087,10.86,431.7881254012538,0.3471370154268841,0,-15.92994004418514
1088,10.87,432.178548982291,0.2306548286401919,0,-15.95272187051977
1089,10.88,432.5691151960826,0.113961100265408,0,-15.97544352726118
